0.980585992
0.964741051
0.935371876
0.900351107
0.874404192
0.85747546
0.847743213
0.842854321
0.840743601
0.839996457
0.839821041
0.839845777
0.839923203
0.840004146
0.840076149
0.840137959
0.840191007
0.840236962
0.840277195
0.840312719
0.840344191
0.840372264
0.840397477
0.840420306
0.840441227
0.840460479
0.840478122
0.840494335
0.840509176
0.840522945
0.840535939
0.840548396
0.840559959
0.840570569
0.840580285
0.840589583
0.840598226
0.840606093
0.840613604
0.840620935
0.840628028
0.840634823
0.840641379
0.840647519
0.8406533
0.840658844
0.840664089
0.840669155
0.840673923
0.840678394
0.840682566
0.8406865
0.840690315
0.84069401
0.840697527
0.840700984
0.840704262
0.840707481
0.840710878
0.840713978
0.840716541
0.840719223
0.840722144
0.840725005
0.840727866
0.840730548
0.840733111
0.840735316
0.840737283
0.84073931
0.840741158
0.840742826
0.840744853
0.84074688
0.840748429
0.840750098
0.840751886
0.840753734
0.840755701
0.840757251
0.840758681
0.84076035
0.840761721
0.840762913
0.840763927
0.84076494
0.84076649
0.840768099
0.840769649
0.840771258
0.840772212
0.840773106
0.840774596
0.840775609
0.840776086
0.84077692
0.840777814
0.840778828
0.840779424
0.84078002
0.840781271
0.840782166
0.840782702
0.840783834
0.840784788
0.840785563
0.840786815
0.84078747
0.840787947
0.840788841
0.840789378
0.840790153
0.840791047
0.840791643
0.840792418
0.840792954
0.840793252
0.840793908
0.840794146
0.840794921
0.840795934
0.840795457
0.840795636
0.840797186
0.840797007
0.840797246
0.840798199
0.840798795
0.840800047
0.840800047
0.840800047
0.84080106
0.84080112
0.840801716
0.840802312
0.840801418
0.840802073
0.840803742
0.840803623
0.8408041
0.840804875
0.840803981
0.840804636
0.840805113
0.840804815
0.840805531
0.840805173
0.840805948
0.840807498
0.840806723
0.840807259
0.84080869
0.840807498
0.840807617
0.840809524
0.840808988
0.840809882
0.84081018
0.840809047
0.840810537
0.840808809
0.840809643
0.840811193
0.840809643
0.840812087
0.840813279
0.840811074
0.8408131
0.840815365
0.840804756
0.84075892
0.834381163
0.670238435
0.599347055
0.561076105
0.536783934
0.519652724
0.506668329
0.496297836
0.48767972
0.480293155
0.473804682
0.467991889
0.462700158
0.457819223
0.453268081
0.448985606
0.44492498
0.441049933
0.437331408
0.433746606
0.430276573
0.426904768
0.423618317
0.420406818
0.417260617
0.414170742
0.411130488
0.408133119
0.405172944
0.402244449
0.399342358
0.39646259
0.393599272
0.390748501
0.387906402
0.385068297
0.382228225
0.379380733
0.376521707
0.37364468
0.370742649
0.367808431
0.364832312
0.361805022
0.358714223
0.355546832
0.352285951
0.348909378
0.345391661
0.341700226
0.337793082
0.333612263
0.329086393
0.324110627
0.318539828
0.312158138
0.304635376
0.295439482
0.283632249
0.267427564
0.242888555
0.198569238
0.079758652
0
0
0
0
0
0
0
0
0
0
0
0
0
0
0
0
0
0
0
0
0
0
0
0
0
0
0
0
0
0
0
0
0
0
0
0
0
0
0
0
0
0
0
0
0
0
0
0
0
0
0
0
0
0
0
0
0
0
0
0
0
0
0
0
0
0
0
0
0
0
0
0
0
0
0
0
0
0
0
0
0
0
0
0
0
0
0
0
0
0
0
0
0
0
0
0
0
0
0
0
0
0
0
0
0
0
0
0
0
0
0
0
0
0
0
0
0
0
0
0
0
0
0
0
0
0
0
0
0
0
0
0
0
0
0
0
0
0
0
0
0
0
0
0
0
0
0
0
0
0
0
0
0
0
0
0
0
0
0
0
0
0
0
0
0
0
0
0
0
0
0
0
0
0
0
0
0
0
0
0
0
0
0
0
0
0
0
0
0
0
0
0
0
0
0
0
0
0
0
0
0
0
0
0
0
0
0
0
0
0
0
0
0
0
0
0
0
0
0
0
0
0
0
0
0
0
0
0
0
0
0
0
0
0
0
0
0
0
0
0
0
0
0
0
0
0
0
0
0
0
0
0
0
0
0
0
0
0
0
0
0
0
0
0
0
0
0
0
0
0
0
0
0
0
0
0
0
0
0
0
0
0
0
0
0
0
0
0
0
0
0
0
0
0
0
0
0
0
0
0
0
0
0
0
0
0
0
0
0
0
0
0
0
0
0
0
0
0
0
0
0
0
0
0
0
0
0
0
0
0
0
0
0
0
0
0
0
0
0
0
0
0
0
0
0
0
0
0
0
0
0
0
0
0
0
0
0
0
0
0
0
0
0
0
0
0
0
0
0
0
0
0
0
0
0
0
0
0
0
0
0
0
0
0
0
0
0
0
0
0
0
0
0
0
0
0
0
0
0
0
0
0
0
0
0
0
0
0
0
0
0
0
0
0
0
0
0
0
0
0
0
0
0
0
0
0
0
0
0
0
0
0
0
0
0
0
0
0
0
0
0
0
0
0
0
0
0
0
0
0
0
0
0
0
0
0
0
0
0
0
0
0
0
0
0
0
0
0
0
0
0
0
0
0
0
0
0
0
0
0
0
0
0
0
0
0
0
0
0
0
0
0
0
0
0
0
0
0
0
0
0
0
0
0
0
0
0
0
0
0
0
0
0
0
0
0
0
0
0
0
0
0
0
0
0
0
0
0
0
0
0
0
0
0
0
0
0
0
0
0
0
0
0
0
0
0
0
0
0
0
0
0
0
0
0
0
0
0
0
0
0
0
0
0
0
0
0
0
0
0
0
0
0
0
0
0
0
0
0
0
0
0
0
0
0
0
0
0
0
0
0
0
0
0
0
0
0
0
0
0
0
0
0
0
0
0
0
0
0
0
0
0
0
0
0
0
0
0
0
0
0
0
0
0
0
0
0
0
0
0
0
0
0
0
0
0
0
0
0
0
0
0
0
0
0
0
0
0
0
0
0
0
0
0
0
0
0
0
0
0
0
0
0
0
0
0
0
0
0
0
0
0
0
0
0
0
0
0
0
0
0
0
0
0
0
0
0
0
0
0
0
0
0
0
0
0
0
0
0
0
0
0
0
0
0
0
0
0
0
0
0
0
0
0
0
0
0
0
0
0
0
0
0
0
0
0
0
0
0
0
0
0
0
0
0
0
0
0
0
0
0
0
0
0
0
0
0
0
0
0
0
0
0
0
0
0
0
0
0
0
0
0
0
0
0
0
0
0
0
0
0
0
0
0
0
0
0
0
0
0
0
0
0
0
0
0
0
0
0
0
