0
0
0
0
0
0
0
0
0
0
0
0
0
0
0
0
0
0
0
0
0
0
0
0
0
0
0
0
0
0
0
0
0
0
0
0
0
0
0
0
0
0
0
0
0
0
0
0
0
0
0
0
0
0
0
0
0
0
0
0
0
0
0
0
0
0
0
0
0
0
0
0
0
0
0
0
0
0
0
0
0
0
0
0
0
0
0
0
0
0
0
0
0
0
0
0
0
0
0
0
0
0
0
0
0
0
0
0
0
0
0
0
0
0
0
0
0
0
0
0
0
0
0
0
0
0
0
0
0
0
0
0
0
0
0
0
0
0
0
0
0
0
0
0
0
0
0
0
0
0
0
0
0
0
0
0
0
0
0
0
0
0
0
0
0
0
0
0
0
0
0
0.006123943
0.169678479
0.240173474
0.278228432
0.302383929
0.319418758
0.332329601
0.342641562
0.351211518
0.358557314
0.365009636
0.370789975
0.376051813
0.380905181
0.385430902
0.389689416
0.393727124
0.397580326
0.401277661
0.404842645
0.408294141
0.411646873
0.414914072
0.41810751
0.421236575
0.424308717
0.427331895
0.430312216
0.433255792
0.436167926
0.439053357
0.441917658
0.444764078
0.447597772
0.450424254
0.453248113
0.456072867
0.458903193
0.461746335
0.464607775
0.467493802
0.470412612
0.473371297
0.476380914
0.47945258
0.482601702
0.485845476
0.489202827
0.492700338
0.49637121
0.500258029
0.504412472
0.508913934
0.513861716
0.519402444
0.525747955
0.533225238
0.542371929
0.554113507
0.57022661
0.594628274
0.638696432
0.756837368
0.835326016
0.833978295
0.832762182
0.831697404
0.830775738
0.829987407
0.829320312
0.828761101
0.828296125
0.827912152
0.827596903
0.827339351
0.8271299
0.826960206
0.826823115
0.826712787
0.826624274
0.826553404
0.82649678
0.826451778
0.826415956
0.826387584
0.826365173
0.82634753
0.826333642
0.826322734
0.826314211
0.826307595
0.826302409
0.826298356
0.826295257
0.826292872
0.826291025
0.826289654
0.826288581
0.826287746
0.82628715
0.826286674
0.826286316
0.826286018
0.826285839
0.82628572
0.826285601
0.826285541
0.826285481
0.826285422
0.826285422
0.826285422
0.826285422
0.826285422
0.826285422
0.826285422
0.826285422
0.826285422
0.826285422
0.826285422
0.826285422
0.826285422
0.826285481
0.826285481
0.826285481
0.826285481
0.826285481
0.826285481
0.826285541
0.826285541
0.826285541
0.826285541
0.826285541
0.826285541
0.826285601
0.826285601
0.826285601
0.826285601
0.826285601
0.826285601
0.82628566
0.82628566
0.82628566
0.82628566
0.82628566
0.82628566
0.82628572
0.82628572
0.82628572
0.82628572
0.82628572
0.826285779
0.826285779
0.826285779
0.826285779
0.826285779
0.826285779
0.826285839
0.826285839
0.826285839
0.826285839
0.826285839
0.826285839
0.826285899
0.826285899
0.826285899
0.826285899
0.826285899
0.826285899
0.826285958
0.826285958
0.826285958
0.826285958
0.826285958
0.826285958
0.826286018
0.826286018
0.826286018
0.826286018
0.826286018
0.826286078
0.826286078
0.826286078
0.826286078
0.826286078
0.826286078
0.826286137
0.826286137
0.826286137
0.826286137
0.826286137
0.826286137
0.826286197
0.826286197
0.826286197
0.826286197
0.826286197
0.826286197
0.826286256
0.826286256
0.826286256
0.826286256
0.826286256
0.826286316
0.826286316
0.826286316
0.826286316
0.826286316
0.826286316
0.826286376
0.826286376
0.826286376
0.826286376
0.826286376
0.826286376
0.826286435
0.826286435
0.826286435
0.826286435
0.826286435
0.826286435
0.826286495
0.826286495
0.826286495
0.826286495
0.826286495
0.826286495
0.826286554
0.826286554
0.826286554
0.826286554
0.826286554
0.826286614
0.826286614
0.826286614
0.826286614
0.826286614
0.826286614
0.826286674
0.826286674
0.826286674
0.826286674
0.826286674
0.826286674
0.826286733
0.826286733
0.826286733
0.826286733
0.826286733
0.826286733
0.826286793
0.826286793
0.826286793
0.826286793
0.826286793
0.826286852
0.826286852
0.826286852
0.826286852
0.826286852
0.826286852
0.826286912
0.826286912
0.826286912
0.826286912
0.826286912
0.826286912
0.826286972
0.826286972
0.826286972
0.826286972
0.826286972
0.826286972
0.826287031
0.826287031
0.826287031
0.826287031
0.826287031
0.826287031
0.826287091
0.826287091
0.826287091
0.826287091
0.826287091
0.82628715
0.82628715
0.82628715
0.82628715
0.82628715
0.82628715
0.82628721
0.82628721
0.82628721
0.82628721
0.82628721
0.82628721
0.82628727
0.82628727
0.82628727
0.82628727
0.82628727
0.82628727
0.826287329
0.826287329
0.826287329
0.826287329
0.826287329
0.826287389
0.826287389
0.826287389
0.826287389
0.826287389
0.826287389
0.826287448
0.826287448
0.826287448
0.826287448
0.826287448
0.826287448
0.826287508
0.826287508
0.826287508
0.826287508
0.826287508
0.826287508
0.826287568
0.826287568
0.826287568
0.826287568
0.826287568
0.826287568
0.826287627
0.826287627
0.826287627
0.826287627
0.826287627
0.826287687
0.826287687
0.826287687
0.826287687
0.826287687
0.826287687
0.826287746
0.826287746
0.826287746
0.826287746
0.826287746
0.826287746
0.826287806
0.826287806
0.826287806
0.826287806
0.826287806
0.826287806
0.826287866
0.826287866
0.826287866
0.826287866
0.826287866
0.826287925
0.826287925
0.826287925
0.826287925
0.826287925
0.826287925
0.826287985
0.826287985
0.826287985
0.826287985
0.826287985
0.826287985
0.826288044
0.826288044
0.826288044
0.826288044
0.826288044
0.826288044
0.826288104
0.826288104
0.826288104
0.826288104
0.826288104
0.826288104
0.826288164
0.826288164
0.826288164
0.826288164
0.826288164
0.826288223
0.826288223
0.826288223
0.826288223
0.826288223
0.826288223
0.826288283
0.826288283
0.826288283
0.826288283
0.826288283
0.826288283
0.826288342
0.826288342
0.826288342
0.826288342
0.826288342
0.826288342
0.826288402
0.826288402
0.826288402
0.826288402
0.826288402
0.826288462
0.826288462
0.826288462
0.826288462
0.826288462
0.826288462
0.826288521
0.826288521
0.826288521
0.826288521
0.826288521
0.826288521
0.826288581
0.826288581
0.826288581
0.826288581
0.826288581
0.826288581
0.826288641
0.826288641
0.826288641
0.826288641
0.826288641
0.826288641
0.8262887
0.8262887
0.8262887
0.8262887
0.8262887
0.82628876
0.82628876
0.82628876
0.82628876
0.82628876
0.82628876
0.826288819
0.826288819
0.826288819
0.826288819
0.826288819
0.826288819
0.826288879
0.826288879
0.826288879
0.826288879
0.826288879
0.826288879
0.826288939
0.826288939
0.826288939
0.826288939
0.826288939
0.826288939
0.826288998
0.826288998
0.826288998
0.826288998
0.826288998
0.826289058
0.826289058
0.826289058
0.826289058
0.826289058
0.826289058
0.826289117
0.826289117
0.826289117
0.826289117
0.826289117
0.826289117
0.826289177
0.826289177
0.826289177
0.826289177
0.826289177
0.826289177
0.826289237
0.826289237
0.826289237
0.826289237
0.826289237
0.826289296
0.826289296
0.826289296
0.826289296
0.826289296
0.826289296
0.826289356
0.826289356
0.826289356
0.826289356
0.826289356
0.826289356
0.826289415
0.826289415
0.826289415
0.826289415
0.826289415
0.826289415
0.826289475
0.826289475
0.826289475
0.826289475
0.826289475
0.826289475
0.826289535
0.826289535
0.826289535
0.826289535
0.826289535
0.826289594
0.826289594
0.826289594
0.826289594
0.826289594
0.826289594
0.826289654
0.826289654
0.826289654
0.826289654
0.826289654
0.826289654
0.826289713
0.826289713
0.826289713
0.826289713
0.826289713
0.826289713
0.826289773
0.826289773
0.826289773
0.826289773
0.826289773
0.826289773
0.826289833
0.826289833
0.826289833
0.826289833
0.826289833
0.826289892
0.826289892
0.826289892
0.826289892
0.826289892
0.826289892
0.826289952
0.826289952
0.826289952
0.826289952
0.826289952
0.826289952
0.826290011
0.826290011
0.826290011
0.826290011
0.826290011
0.826290011
0.826290071
0.826290071
0.826290071
0.826290071
0.826290071
0.826290131
0.826290131
0.826290131
0.826290131
0.826290131
0.826290131
0.82629019
0.82629019
0.82629019
0.82629019
0.82629019
0.82629019
0.82629025
0.82629025
0.82629025
0.82629025
0.82629025
0.82629025
0.826290309
0.826290309
0.826290309
0.826290309
0.826290309
0.826290309
0.826290369
0.826290369
0.826290369
0.826290369
0.826290369
0.826290429
0.826290429
0.826290429
0.826290429
0.826290429
0.826290429
0.826290488
0.826290488
0.826290488
0.826290488
0.826290488
0.826290488
0.826290548
0.826290548
0.826290548
0.826290548
0.826290548
0.826290548
0.826290607
0.826290607
0.826290607
0.826290607
0.826290607
0.826290607
0.826290667
0.826290667
0.826290667
0.826290667
0.826290667
0.826290727
0.826290727
0.826290727
0.826290727
0.826290727
0.826290727
0.826290786
0.826290786
0.826290786
0.826290786
0.826290786
0.826290786
0.826290846
0.826290846
0.826290846
0.826290846
0.826290846
0.826290846
0.826290905
0.826290905
0.826290905
0.826290905
0.826290905
0.826290965
0.826290965
0.826290965
0.826290965
0.826290965
0.826290965
0.826291025
0.826291025
0.826291025
0.826291025
0.826291025
0.826291025
0.826291084
0.826291084
0.826291084
0.826291084
0.826291084
0.826291084
0.826291144
0.826291144
0.826291144
0.826291144
0.826291144
0.826291144
0.826291204
0.826291204
0.826291204
0.826291204
0.826291204
0.826291263
0.826291263
0.826291263
0.826291263
0.826291263
0.826291263
0.826291323
0.826291323
0.826291323
0.826291323
0.826291323
0.826291323
0.826291382
0.826291382
0.826291382
0.826291382
0.826291382
0.826291382
0.826291442
0.826291442
0.826291442
0.826291442
0.826291442
0.826291442
0.826291502
0.826291502
0.826291502
0.826291502
0.826291502
0.826291561
0.826291561
0.826291561
0.826291561
0.826291561
0.826291561
0.826291621
0.826291621
0.826291621
0.826291621
0.826291621
0.826291621
0.82629168
0.82629168
0.82629168
0.82629168
0.82629168
0.82629168
0.82629174
0.82629174
0.82629174
0.82629174
0.82629174
0.82629174
0.8262918
0.8262918
0.8262918
0.8262918
0.8262918
0.826291859
0.826291859
0.826291859
0.826291859
0.826291859
0.826291859
0.826291919
0.826291919
0.826291919
0.826291919
0.826291919
0.826291919
0.826291978
0.826291978
0.826291978
0.826291978
0.826291978
0.826291978
0.826292038
0.826292038
0.826292038
0.826292038
0.826292038
0.826292098
0.826292098
0.826292098
0.826292098
0.826292098
0.826292098
0.826292157
0.826292157
0.826292157
0.826292157
0.826292157
0.826292157
0.826292217
0.826292217
0.826292217
0.826292217
0.826292217
0.826292217
0.826292276
0.826292276
0.826292276
0.826292276
0.826292276
0.826292276
0.826292336
0.826292336
0.826292336
0.826292336
0.826292336
0.826292396
0.826292396
0.826292396
0.826292396
0.826292396
0.826292396
0.826292455
0.826292455
0.826292455
0.826292455
0.826292455
0.826292455
0.826292515
0.826292515
0.826292515
0.826292515
0.826292515
0.826292515
0.826292574
0.826292574
0.826292574
0.826292574
0.826292574
0.826292574
0.826292634
0.826292634
0.826292634
0.826292634
0.826292634
0.826292694
0.826292694
0.826292694
0.826292694
0.826292694
0.826292694
0.826292753
0.826292753
0.826292753
0.826292753
0.826292753
0.826292753
0.826292813
0.826292813
0.826292813
0.826292813
0.826292813
0.826292813
0.826292872
0.826292872
0.826292872
0.826292872
0.826292872
0.826292872
0.826292932
0.826292932
0.826292932
0.826292932
0.826292932
0.826292992
0.826292992
0.826292992
