0.645307362
0.642589927
0.640124619
0.637820125
0.635637403
0.633559585
0.631580353
0.629700899
0.627928853
0.626279294
0.624775946
0.623451889
0.622348487
0.621454835
0.620324135
0.618798018
0.616919994
0.614760935
0.612407744
0.609951735
0.607480526
0.605073512
0.602799475
0.600715995
0.59886837
0.597288966
0.595995605
0.594990134
0.59425807
0.593770087
0.593355119
0.59277308
0.592004538
0.591049969
0.589920342
0.588634431
0.587216079
0.585692108
0.584090352
0.582438111
0.580761611
0.57908529
0.577431858
0.575822353
0.574276209
0.572811484
0.57144475
0.570191026
0.569063604
0.568073213
0.567227304
0.566529393
0.565978467
0.565562189
0.565132856
0.564579606
0.563901544
0.563104212
0.562196255
0.561188936
0.560095251
0.558928728
0.557703257
0.556432188
0.555128396
0.553803802
0.55246985
0.551136911
0.549814999
0.548513472
0.547241271
0.546007156
0.544819653
0.543687344
0.542618513
0.541621566
0.540704489
0.539874792
0.539139152
0.538502812
0.537969232
0.537538707
0.537127614
0.536619008
0.536008596
0.535302103
0.534506977
0.53363198
0.532686651
0.531680763
0.530623913
0.529525459
0.528394282
0.527238548
0.526066065
0.524884045
0.523699105
0.522517622
0.521345675
0.520188987
0.51905334
0.517944396
0.516867876
0.515829742
0.514836013
0.513893008
0.513007343
0.512185574
0.511434495
0.510760307
0.510168612
0.509664357
0.509231865
0.508750439
0.50823313
0.508441031
0.516373277
0.554781914
0.598861873
0.607082844
0.605723917
0.603585601
0.601514578
0.599627793
0.597972095
0.596576214
0.595453799
0.594601989
0.594002068
0.593598425
0.593126655
0.592471778
0.591628969
0.590602994
0.589407504
0.58806318
0.586595118
0.585030675
0.583397627
0.581723213
0.580033362
0.578352273
0.576702476
0.575105011
0.573579371
0.572143614
0.570814431
0.569606721
0.568533182
0.567603767
0.566824555
0.566197097
0.565716505
0.565307677
0.564785659
0.564134955
0.563358068
0.562462807
0.561460257
0.560363412
0.55918628
0.557943404
0.55664885
0.555316329
0.553958774
0.552588403
0.551216543
0.549853921
0.548510909
0.547197342
0.545922816
0.544696927
0.543529153
0.54242903
0.541405916
0.54046905
0.539626956
0.538887024
0.538255155
0.537734926
0.537297487
0.536787689
0.536162734
0.535427809
0.534590304
0.533659279
0.532644808
0.53155756
0.530408084
0.529206574
0.527962983
0.526686549
0.525385976
0.524069548
0.522745073
0.5214203
0.520102739
0.518800199
0.517520607
0.516272664
0.515065789
0.513910353
0.512817979
0.511801362
0.510874391
0.510051191
0.509335697
0.508572459
0.507619202
0.506472468
0.505131662
0.503596127
0.501863778
0.499929577
0.497784734
0.495415151
0.492799371
0.489905626
0.486685604
0.483064651
0.478503495
0.470815748
0.456219465
0.420786321
0.35793367
0.328188121
0.325068682
0.325879633
0.327100933
0.328359246
0.329609334
0.330840498
0.332045794
0.333218604
0.334351927
0.33543843
0.336470157
0.337438464
0.338334233
0.339147836
0.339869499
0.340489626
0.34106794
0.341736585
0.342501521
0.343353212
0.344281942
0.345277756
0.346330822
0.347431749
0.348571956
0.349743485
0.350939095
0.352152199
0.353376776
0.354607284
0.355838537
0.357065618
0.358283639
0.359487712
0.360672772
0.361833304
0.362963259
0.364055783
0.365102887
0.366095513
0.367022961
0.367873758
0.368633658
0.369379491
0.370231301
0.371183127
0.372223705
0.373341352
0.374524891
0.375763953
0.377049208
0.378372252
0.379725575
0.381102473
0.382496923
0.383903384
0.38531673
0.386731923
0.388143927
0.389547408
0.390936404
0.392303854
0.393641084
0.394937098
0.396178246
0.397381425
0.398698062
0.400146633
0.401706874
0.403360337
0.405090302
0.406882077
0.408723027
0.410602331
0.412510931
0.414441556
0.41638872
0.418349028
0.420321703
0.422309369
0.424319535
0.426359206
0.428399801
0.430394262
0.432301819
0.434089571
0.43573302
0.437215865
0.438529491
0.439671725
0.440645218
0.441453397
0.442091882
0.442523271
0.442600101
0.441817611
0.438514262
0.427348912
0.396354198
0.353849977
0.335218519
0.33257705
0.33312887
0.334142625
0.33521235
0.336268812
0.337290943
0.338263601
0.339170992
0.339997053
0.340732068
0.341521829
0.342475861
0.343592435
0.344869465
0.346302748
0.347887456
0.349618495
0.351490706
0.353498787
0.355637133
0.357899308
0.360277057
0.362758338
0.365324944
0.367945224
0.370845258
0.374675304
0.379819453
0.387020677
0.398560047
0.425665468
0.497636288
0.553157389
0.559517801
0.558879077
0.557674706
0.556386888
0.555061996
0.553714991
0.552357793
0.55100137
0.549656212
0.548332155
0.547038853
0.545785546
0.544581532
0.543435931
0.542357802
0.541356266
0.540439963
0.539616942
0.538894236
0.538277149
0.537768841
0.537349045
0.536874294
0.536288857
0.535597622
0.534807384
0.533926666
0.532965302
0.531933486
0.530841589
0.529699862
0.528518021
0.527305186
0.526070118
0.524820864
0.523565114
0.522310257
0.521063328
0.519831181
0.518620849
0.517439365
0.516294062
0.515192688
0.514143407
0.513154745
0.51223588
0.511395991
0.510644257
0.509988248
0.509435654
0.50889039
0.508223534
0.507436693
0.506538212
0.505538344
0.504448354
0.503279567
0.502043128
0.500749588
0.49940908
0.498031139
0.496624827
0.495198727
0.493761361
0.492321134
0.490886748
0.489467442
0.488073409
0.486716062
0.485408604
0.484166265
0.483007014
0.481950074
0.480983555
0.47987777
0.478546441
0.477001578
0.475257963
0.473329574
0.471229106
0.46896717
0.466551244
0.463985235
0.461267918
0.458391279
0.455333203
0.451972842
0.447609663
0.441837966
0.434325457
0.42461732
0.412714183
0.400350869
0.39029181
0.38436389
0.381354541
0.379918516
0.379263967
0.37899524
0.378926128
0.37897104
0.37909165
0.379271865
0.379506141
0.379793823
0.38013646
0.380536139
0.380994886
0.381514192
0.38209483
0.382736713
0.383438915
0.384199768
0.385016859
0.385887176
0.386807114
0.38777259
0.388779014
0.389821202
0.39089337
0.391988844
0.393099725
0.394216448
0.39532724
0.396416068
0.397516996
0.398764402
0.400169611
0.401722819
0.403416246
0.405243874
0.407202542
0.409292758
0.411520183
0.413897663
0.416448951
0.419215262
0.422267944
0.425727993
0.433470249
