0.1
0.1
0.665685424949238
0.6672
0.668
0.6688
0.6696
0.6704
0.6712
0.672
0.6728
0.6736
0.6744
0.6752
0.676
0.6768
0.6776
0.6784
0.6792
0.68
0.6808
0.6816
0.6824
0.6832
0.684
0.6848
0.6856
0.6864
0.6872
0.6880000000000001
0.6888
0.6896
0.6904
0.6912
0.6920000000000001
0.6928
0.6936
0.6944
0.6952
0.696
0.6968
0.6976
0.6984
0.6992
0.7
0.7008
0.7016
0.7024
0.7032
0.704
0.7048
0.7056
0.7064
0.7072
0.708
0.7088
0.7096
0.7104
0.7112
0.712
0.7128
0.7136
0.7144
0.7152000000000001
0.716
0.7168
0.7176
0.7184
0.7192000000000001
0.72
0.7208
0.7216
0.7224
0.7232
0.724
0.7248
0.7256
0.7264
0.7272
0.728
0.7288
0.7296
0.7304
0.7312
0.732
0.7328
0.7336
0.7344
0.7352
0.736
0.7368
0.7376
0.7384000000000001
0.7392
0.74
0.7408
0.7416
0.7424000000000001
0.7432
0.744
0.7448
0.7456
0.7464000000000001
0.7472
0.748
0.7488
0.7496
0.7504
0.7512
0.752
0.7528
0.7536
0.7544
0.7552
0.756
0.7568
0.7576
0.7584
0.7592
0.76
0.7608
0.7616
0.7624
0.7632
0.764
0.7648
0.7656000000000001
0.7664
0.7672
0.768
0.7688
0.7696000000000001
0.7704
0.7712
0.772
0.7728
0.7736000000000001
0.7744
0.7752
0.776
0.7768
0.7776
0.7784
0.7792
0.78
0.7808
0.7816
0.7824
0.7832
0.784
0.7848
0.7856
0.7864
0.7872
0.788
0.7888000000000001
0.7896
0.7904
0.7912
0.792
0.7928000000000001
0.7936
0.7944
0.7952
0.796
0.7968000000000001
0.7976
0.7984
0.7992
0.8
0.8008
0.8016
0.8024
0.8032
0.804
0.8048
0.8056
0.8064
0.8072
0.808
0.8088
0.8096
0.8104
0.8112
0.812
0.8128
0.8136
0.8144
0.8152
0.8160000000000001
0.8168
0.8176
0.8184
0.8192
0.8200000000000001
0.8208
0.8216
0.8224
0.8232
0.8240000000000001
0.8248
0.8256
0.8264
0.8272
0.828
0.8288
0.8296
0.8304
0.8312
0.832
0.8328
0.8336
0.8344
0.8352
0.836
0.8368
0.8376
0.8384
0.8392000000000001
0.84
0.8408
0.8416
0.8424
0.8432000000000001
0.844
0.8448
0.8456
0.8464
0.8472000000000001
0.848
0.8488
0.8496
0.8504
0.8512000000000001
0.852
0.8528
0.8536
0.8544
0.8552
0.856
0.8568
0.8576
0.8584
0.8592
0.86
0.8608
0.8616
0.8624
0.8632
0.864
0.8648
0.8656
0.8664000000000001
0.8672
0.868
0.8688
0.8696
0.8704000000000001
0.8712
0.872
0.8728
0.8736
0.8744000000000001
0.8752
0.876
0.8768
0.8776
0.8784000000000001
0.8792
0.88
0.8808
0.8816
0.8824
0.8832
0.884
0.8848
0.8856
0.8864
0.8872
0.888
0.8888
0.8896000000000001
0.8904
0.8912
0.892
0.8928
0.8936000000000001
0.8944
0.8952
0.896
0.8968
0.8976000000000001
0.8984
0.8992
0.9
