9.999999736810523e-05
0.00029999992893878517
0.0004999996710123749
0.0006999990972558184
0.000899998081333566
0.0010999964969065764
0.0012999942176313201
0.0014999911171587799
0.001699987069133455
0.001899981947192362
0.002099975624964035
0.0022999679760675315
0.0024999588741114304
0.002699948192692834
0.0028999358053963696
0.003099921586793189
0.0032999054074399695
0.0034998871438779162
0.003699866668631759
0.003899843855208751
0.0040998185770976725
0.004299790707767824
0.004499760120668027
0.004699726689225623
0.00489969028684547
0.005099650786908936
0.005299608062772902
0.0054995619877687505
0.0056995124352013675
0.005899459278348129
0.006099402390457906
0.006299341644750049
0.0064992769144133836
0.006699208072605203
0.006899134992450259
0.007099057547039754
0.007298975609430331
0.007498889052643058
0.007698797749662426
0.00789870157343533
0.008098600396870053
0.008298494092835264
0.008498382534158987
0.008698265593627599
0.008898143143984807
0.00909801505793064
0.009297881208120407
0.009497741467163708
0.009697595707623387
0.009897443802014533
0.010097285622803437
0.010297121042406588
0.010496949933189632
0.010696772167466357
0.01089658761749766
0.011096396155490525
0.011296197653596988
0.011495991983913111
0.011695779018477941
0.01189555862957085
0.012095330687850289
0.012295095067630955
0.012494851638202324
0.012694600273278891
0.012894340842833404
0.013094073218226874
0.013293797273005016
0.013493512876647172
0.013693219903565323
0.01389291822235297
0.014092607704534145
0.014292288222062341
0.014491959645819464
0.014691621846864763
0.01489127469718382
0.015090918064687417
0.015290551823210577
0.015490175841511421
0.015689789993270163
0.015889394146338
0.016088988171486088
0.01628857193990446
0.01648814532170096
0.01668770818615016
0.01688726040544232
0.017086801850682294
0.017286332386888415
0.01748585188899153
0.017685360222833776
0.017884857262167646
0.01808434287365477
0.018283816926864926
0.018483279292274918
0.018682729841267502
0.018882168440130243
0.019081594959304497
0.01928100926713425
0.019480411233365087
0.019679800726643024
0.019879177616013453
0.020078541769420016
0.020277893055953497
0.020477231344350748
0.02067655650299352
0.020875868399657396
0.021075166902760654
0.02127445188036317
0.02147372319941525
0.021672980730756585
0.02187222434011504
0.02207145389210555
0.022270669260229088
0.022469870308121358
0.022669056903051793
0.02286822891367237
0.023067386206016463
0.02326652864749773
0.023465656104158916
0.023664768443670763
0.023863865531580798
0.02406294723531225
0.024262013420162806
0.02446106395405355
0.02466009869977768
0.024859117525249462
0.02505812029825302
0.025257106882441094
0.02545607714133394
0.025655030943318183
0.025853968152645537
0.026052888634431687
0.026251792253655103
0.026450678874905813
0.02664954836338424
0.026848400583900006
0.027047235399620704
0.027246052675570724
0.02744485227638005
0.027643634065033007
0.027842397906617106
0.02804114366332178
0.028239871199937205
0.028438580378853027
0.02863727106505721
0.028835943118384687
0.029034596403766263
0.029233230785977338
0.029431846125636568
0.029630442284204715
0.029829019123983398
0.03002757650911384
0.030226114300575566
0.030424632360435182
0.03062313054984509
0.03082160873054226
0.031020066763596907
0.03121850451066127
0.03141692183146828
0.03161531858983034
0.03181369464238795
0.03201204985360854
0.032210384079785014
0.03240869718503464
0.032606989026547586
0.03280525946458568
0.03300350835898112
0.03320173556888512
0.033399940953766624
0.033598124373160926
0.03379628568491841
0.033994424748703185
0.03419254142224173
0.03439063556407158
0.03458870703253998
0.03478675568480251
0.03498478137932176
0.035182783973365966
0.035380763324257616
0.035578719289122096
0.03577665172488635
0.035974560488277435
0.03617244543582119
0.03637030642384095
0.0365681433084558
0.03676595594457957
0.036963744190919294
0.037161507899973696
0.03735924692903195
0.0375569611311721
0.037754650361259766
0.03795231447694668
0.038149953327669156
0.03834756677364686
0.03854515466488112
0.03874271685515364
0.03894025320202507
0.03913776355283333
0.03933524776469242
0.03953270568949078
0.039730137179889845
0.039927542089322615
0.04012492026674204
0.04032227156786971
0.04051959584294422
0.04071689294271967
0.040914162719714264
0.041111405024708655
0.041308619707994515
0.041505806620622976
0.04170296561215308
0.04190009653365029
0.042097199234184896
0.04229427356358048
0.042491319370912356
0.04268833650575599
0.04288532481668548
0.04308228415202191
0.043279214360581825
0.043476115290425596
0.043672986788855846
0.04386982870366587
0.04406664088213796
0.044263423171291866
0.044460175417883115
0.04465689746840142
0.04485358916906901
0.04505025036583902
0.04524688090439381
0.045443480629143315
0.04564004938722345
0.04583658702349433
0.04603309338053861
0.04622956830365991
0.04642601163688097
0.0466224232239421
0.04681880290829934
0.047015150533122815
0.04721146594129505
0.04740774897540913
0.04760399947776706
0.047800217290378005
0.047996402254956494
0.048192554212920714
0.048388673005390716
0.04858475847318663
0.04878081045682689
0.0489768287965265
0.04917281333219512
0.04936876390343537
0.049564680349540965
0.04976056250949487
0.049956410221967534
0.050152223325315
0.05034800165757705
0.05054374505647541
0.050739453359411824
0.05093512640346619
0.051130764025394716
0.051326366061628007
0.05152193234826915
0.05171746272109182
0.05191295701553837
0.052108415066717914
0.05230383670940435
0.052499221778034476
0.052694570106705974
0.05288988152917552
0.05308515587885673
0.05328039298881826
0.05347559269178176
0.05367075482011989
0.053865879205854325
0.054060965680653744
0.05425601407583174
0.05445102422234487
0.054645995950790546
0.05484092909140499
0.05503582347406117
0.055230678928266747
0.055425495282908355
0.05562027236782684
0.05581501000973243
0.05600970803783214
0.05620436627946608
0.05639898456190573
0.05659356271204237
0.056788100556634996
0.05698259792130807
0.057177054631799396
0.05737147051395791
0.057565845392491495
0.05776017909196471
0.05795447143629659
0.05814872225025845
0.058342931355971586
0.058537098576655004
0.05873122373512321
0.05892530665378387
0.059119347154385535
0.05931334505751533
0.05950730018509664
0.0597012123578868
0.05989508139322463
0.060088907114778344
0.0602826893367928
0.06047642788308758
0.060670122571054204
0.060863773217653884
0.06105737963741502
0.0612509416534311
0.061444459078357744
0.061637931729410636
0.0618313594223629
0.06202474197154262
0.06221807919483047
0.06241137090365695
0.06260461691400016
0.06279781703538298
0.06299097108587087
0.06318407887706896
0.06337714021911961
0.06357015492369986
0.06376312280401883
0.06395604367081503
0.06414891733135372
0.0643417435984244
0.06453452228133799
0.06472725318792424
0.06491993612552896
0.0651125709020114
0.06530515732674161
0.06549769520459742
0.06569018434496204
0.06588262455172098
0.06607501562925941
0.06626735738245942
0.0664596496176972
0.06665189213684003
0.0668440847452437
0.06703622724574944
0.06722831943868109
0.06742036112684231
0.06761235211151358
0.06780429219344929
0.0679961811731248
0.06818801884948349
0.06837980502268379
0.06857153949034617
0.06876322205155014
0.06895485250258122
0.06914643064192794
0.06933795626502866
0.0695294291680186
0.0697208491462268
0.06991221599442277
0.07010352950681359
0.07029478947704065
0.07048599569817654
0.07067714796272177
0.07086824606260164
0.07105928978916301
0.07125027893317101
0.07144121328480582
0.07163209263365936
0.07182291676873204
0.07201368547842932
0.07220439855055852
0.07239505577232536
0.07258565693033059
0.0727762018105666
0.072966690198664
0.07315712187838819
0.07334749663538588
0.0735378142519316
0.0737280745119242
0.07391827719663334
0.07410842208894593
0.07429850896811252
0.0744885376159938
0.07467850781205693
0.07486841933487187
0.07505827196310781
0.07524806547452942
0.07543779964624314
0.07562747425469357
0.07581708907565957
0.0760066438842506
0.07619613845490282
0.0763855725613754
0.0765749459757466
0.07676425847340994
0.0769535098230702
0.07714269979673968
0.07733182816573418
0.07752089469666892
0.07770989916245485
0.07789884132729426
0.07808772096167708
0.07827653783137661
0.07846529170244548
0.07865398234021158
0.07884260950927383
0.0790311729734981
0.07921967249501295
0.07940810783820552
0.07959647876371712
0.07978478503343905
0.07997302640550825
0.08016120263930304
0.08034931349643877
0.08053735873276328
0.08072533810335257
0.08091325136750652
0.08110109827974415
0.08128887859479927
0.08147659206661592
0.08166423844834378
0.08185181749233361
0.08203932895013268
0.08222677257247998
0.08241414810930164
0.08260145530970624
0.08278869392197993
0.08297586369358184
0.08316296437113913
0.08334999570044219
0.08353695742643977
0.08372384929323412
0.08391067104407599
0.08409742242135967
0.08428410316661805
0.08447071302051748
0.08465725172285277
0.08484371901254209
0.08503011462762178
0.08521643830524123
0.08540268978165758
0.08558886879223064
0.08577497507141746
0.08596100835276702
0.086146968368915
0.08633285485157824
0.08651866753154944
0.0867044061386916
0.08689007040193256
0.08707566004925946
0.08726117480771317
0.08744661440372462
0.08763197856139944
0.08781726700593157
0.08800247945992826
0.088187615646364
0.08837267528573262
0.0885576580987916
0.08874256380405604
0.08892739212029281
0.0891121427652646
0.08929681545447371
0.08948140990365623
0.08966592582602576
0.08985036293651737
0.09003472094553129
0.0902189995651768
0.09040319850501584
0.09058731747505676
0.09077135618174789
0.0909553143339712
0.09113919163328554
0.09132298778942083
0.09150670250402065
0.09169033548063622
0.09187388641971944
0.09205735501861625
0.09224074098256027
0.09242404400566526
0.09260726378591887
0.0927904000201756
0.09297345239914956
0.09315642062240809
0.09333930437836396
0.09352210336026884
0.09370481725420574
0.09388744575408234
0.09406998854762316
0.09425244531736235
0.09443481574863663
0.09461709953057779
0.09479929634310486
0.09498140586691683
0.09516342778148512
0.09534536177104601
0.09552720750959247
0.09570896467486688
0.09589063294135297
0.09607221198726815
0.09625370148055512
0.09643510109387435
0.09661641050059594
0.09679762936479111
0.09697875736022461
0.09715979415034592
0.0973407393982812
0.09752159277082503
0.09770235393043175
0.0978830225352069
0.09806359824689903
0.09824408072589079
0.09842446962619006
0.09860476460442158
0.09878496531456782
0.09896507141021021
0.09914508254227013
0.0993249983602498
0.09950481851347331
0.09968454264907729
0.09986417041200168
0.10004370144723052
0.10022313539728232
0.1004024719032008
0.10058171060579522
0.10076085114188074
0.10093989314951878
0.10111883626300716
0.10129768011662031
0.1014764243430993
0.10165506857239175
0.10183361243414188
0.10201205555518017
0.10219039756201322
0.10236863807931332
0.10254677672990806
0.10272481313451977
0.10290274691300505
0.10308057768359387
0.10325830506187897
0.103435928663055
0.10361344810040744
0.10379086298530169
0.10396817292717184
0.10414537753325953
0.10432247641135262
0.10449946916502373
0.10467635539736883
0.10485313470949556
0.10502980670076156
0.10520637096876273
0.10538282710932126
0.10555917471647375
0.10573541338245898
0.10591154269770592
0.10608756225082121
0.10626347162857694
0.10643927041589812
0.10661495819584998
0.10679053454962541
0.10696599905653201
0.10714135129397923
0.10731659083746536
0.10749171726056429
0.10766673013491238
0.10784162903019491
0.10801641351413283
0.10819108315246889
0.10836563750895414
0.10854007614533401
0.1087143986213343
0.10888860449464717
0.10906269332091692
0.10923666465372567
0.10941051804457888
0.10958425304289084
0.10975786919596986
0.1099313660490036
0.11010474314504391
0.11027800002499191
0.1104511362275827
0.11062415128936989
0.11079704474471032
0.1109698161257483
0.11114246496239977
0.11131499078233652
0.1114873931109701
0.11165967147143555
0.11183182538457512
0.11200385436892178
0.11217575794068255
0.11234753561372175
0.112519186899544
0.11269071130727717
0.11286210834365518
0.11303337751300041
0.1132045183172064
0.11337553025571989
0.1135464128255231
0.11371716552111558
0.1138877878348055
0.11405827925477983
0.11422863927000051
0.11439886736345202
0.11456896301730633
0.11473892571053027
0.11490875492047482
0.11507845012035828
0.11524801078174615
0.11541743637328139
0.11558672636066439
0.11575588020788284
0.11592489737469125
0.1160937773190906
0.11626251949605743
0.11643112335777296
0.11659958835335194
0.11676791393007138
0.11693609953059883
0.11710414459697088
0.11727204856557087
0.1174398108723571
0.11760743094909014
0.11777490822481038
0.11794224212556519
0.11810943207413585
0.11827647749126438
0.11844337779312988
0.118610132393825
0.11877674070408181
0.11894320213149784
0.11910951608051147
0.11927568195237731
0.11944169914514137
0.11960756705361585
0.11977328506935372
0.11993885258062319
0.12010426897238163
0.12026953362624954
0.12043464592048411
0.12059960522995247
0.12076441092610478
0.12092906237694699
0.12109355894701337
0.12125789999733869
0.12142208488543016
0.12158611296523912
0.1217499835871324
0.12191369609786336
0.12207724984054269
0.12224064415420755
0.12240387837614974
0.12256695183611616
0.12272986386380332
0.12289261378330858
0.12305520091525612
0.12321762457641425
0.12337988407966374
0.12354197873396586
0.12370390784432994
0.12386567071178062
0.1240272666333248
0.12418869490191829
0.1243499548064319
0.12451104563161747
0.12467196665807326
0.12483271716220914
0.12499329641621144
0.12515370368800727
0.12531393824122844
0.1254739993351754
0.12563388622478014
0.12579359816056923
0.12595313438862626
0.1261124941505538
0.1262716766834351
0.12643068121979528
0.12658950698756205
0.1267481532100262
0.12690661910580142
0.1270649038887838
0.12722300676811094
0.12738092694812042
0.127538663628308
0.12769621600328537
0.1278535832627371
0.12801076459137764
0.12816775916890732
0.12832456616996826
0.12848118476409953
0.12863761411569186
0.12879385338394195
0.12894990172280624
0.12910575828095386
0.1292614222017196
0.12941689262305578
0.1295721686774839
0.12972724949204573
0.12988213418825365
0.13003682188204052
0.13019131168370934
0.13034560269788129
0.1304996940234444
0.13065358475350106
0.13080727397531455
0.13096076077025565
0.13111404421374823
0.1312671233752142
0.13141999731801796
0.13157266509941004
0.13172512577047024
0.1318773783760499
0.13202942195471365
0.1321812555386804
0.1323328781537636
0.1324842888193108
0.13263548654814253
0.13278647034649038
0.1329372392139344
0.1330877921433395
0.1332381281207916
0.13338824612553235
0.1335381451298936
0.13368782409923075
0.1338372819918553
0.1339865177589669
0.13413553034458395
0.13428431868547394
0.13443288171108259
0.13458121834346223
0.1347293274971992
0.1348772080793404
0.13502485898931896
0.13517227911887883
0.13531946735199862
0.13546642256481423
0.1356131436255407
0.13575962939439307
0.135905878723506
0.13605189045685265
0.13619766343016224
0.1363431964708368
0.1364884883978668
0.13663353802174533
0.13677834414438184
0.136922905559014
0.13706722105011918
0.13721128939332394
0.1373551093553131
0.13749867969373708
0.13764199915711825
0.1377850664847561
0.13792788040563086
0.13807043964330623
0.13821274290583035
0.13835478889563585
0.13849657630443846
0.138638103814134
0.13877937009669425
0.13892037381406136
0.1390611136184606
0.13920158815019265
0.13934179604172175
0.13948173591436622
0.13962140637628406
0.13976080602693894
0.13989993345598378
0.14003878724214297
0.14017736595209282
0.14031566813834023
0.14045369234810043
0.1405914371141718
0.14072890095480967
0.14086608238359855
0.14100297989532162
0.1411395919768294
0.14127591710290585
0.14141195373213258
0.1415477003177519
0.1416831552935265
0.1418183170845985
0.14195318410134541
0.14208775474523497
0.14222202739867648
0.14235600043487157
0.1424896722116615
0.14262304107637308
0.14275610535966146
0.14288886337835138
0.14302131343927577
0.14315345382911143
0.14328528282321318
0.143416798685445
0.14354799966000822
0.14367888397726794
0.14380944985357627
0.14393969549309324
0.14406961907660404
0.14419921878033526
0.14432849275476606
0.14445743913943823
0.14458605605676253
0.14471434161282187
0.14484229389717193
0.14496991098263814
0.14509719092510992
0.1452241317633312
0.14535073151768818
0.14547698819499322
0.1456028997782653
0.14572846423650762
0.14585367951948067
0.1459785435574724
0.14610305426506437
0.14622720953589402
0.14635100724241307
0.14647444523964234
0.14659752136492224
0.14672023343465904
0.14684257923906682
0.14696455655690624
0.14708616314121734
0.14720739672404892
0.14732825502018343
0.14744873571585623
0.14756883648247163
0.1476885549663126
0.1478078887892466
0.1479268355534259
0.14804539283698276
0.14816355819471974
0.14828132915779405
0.148398703233397
0.14851567790442755
0.1486322506291602
0.148748418840907
0.14886417994767398
0.1489795313318108
0.14909447034965498
0.14920899433116908
0.14932310057957188
0.1494367863709628
0.14955004895393925
0.1496628855492076
0.14977529334918666
0.1498872695176039
0.1499988111890848
0.1501099154687338
0.1502205794317083
0.15033080012278432
0.15044057455591409
0.1505498997132872
0.15065877254631324
0.1507671899752708
0.15087514888371392
0.15098264612654522
0.1510896785190088
0.15119624285118669
0.15130233587248376
0.15140795429610418
0.15151309480251723
0.1516177540349125
0.15172192859864456
0.15182561506666697
0.15192880996395422
0.15203150978691374
0.15213371098878462
0.15223540998002494
0.15233660313568737
0.15243728679078114
0.15253745722962125
0.1526371107041655
0.1527362434183364
0.15283485153333018
0.1529329311669113
0.15303047838869194
0.15312748922339697
0.15322395965611374
0.15331988561152457
0.15341526297712538
0.15351008758642576
0.15360435522413282
0.15369806162431754
0.15379120246956304
0.15388377339009424
0.15397576996288914
0.15406718771077005
0.1541580221014753
0.1542482685467103
0.1543379224011777
0.15442697896158566
0.15451543346563443
0.15460328109097954
0.15469051695417205
0.1547771361095744
0.1548631335482517
0.15494850419683756
0.1550332429163736
0.15511734450112222
0.15520080367735173
0.15528361510209296
0.15536577336186647
0.15544727297138003
0.15552810837219466
0.15560827393135906
0.15568776394001124
0.15576657261194615
0.15584469408214863
0.15592212240529058
0.15599885155419113
0.15607487541823897
0.1561501878017752
0.15622478242243604
0.156298652909454
0.15637179280191602
0.15644419554697747
0.1565158544980305
0.15658676291282564
0.1566569139515445
0.15672630067482274
0.1567949160417215
0.15686275290764518
0.15692980402220466
0.15699606202702346
0.15706151945348534
0.1571261687204216
0.1571900021317353
0.15725301187396182
0.15731519001376115
0.1573765284953429
0.1574370191378186
0.157496653632481
0.15755542354000682
0.15761332028758035
0.15767033516593598
0.15772645932631557
0.15778168377733884
0.157835999381783
0.15788939685326864
0.15794186675284846
0.1579933994854955
0.1580439852964869
0.15809361426767993
0.1581422763136755
0.15818996117786605
0.15823665842836254
0.15828235745379657
0.15832704745899287
0.15837071746050688
0.15841335628202297
0.15845495254960704
0.15849549468680862
0.1585349709096061
0.15857336922118936
0.15861067740657275
0.15864688302703236
0.15868197341436005
0.15871593566492673
0.15874875663354807
0.15878042292714262
0.15881092089817606
0.158840236637881
0.15886835596924345
0.1588952644397461
0.1589209473138582
0.1589453895652606
0.1589685758687954
0.15899049059212686
0.1590111177871025
0.15903044118079943
0.15904844416624328
0.15906510979278388
0.15908042075611273
0.15909435938790564
0.1591069076450732
0.15911804709860083
0.15912775892195913
0.15913602387906423
0.1591428223117663
0.15914813412684425
0.15915193878248146
0.1591542152741981
0.15915494212021258
0.15915409734620367
0.15915165846944332
0.15914760248226772
0.15914190583485321
0.15913454441726033
0.15912549354070826
0.1591147279180387
0.15910222164332613
0.1590879481705879
0.1590718802915466
0.15905399011239074
0.1590342490294798
0.1590126277039334
0.15898909603504213
0.1589636231324322
0.1589361772869119
0.1589067259399233
0.15887523565151626
0.1588416720667567
0.15880599988047528
0.15876818280025431
0.15872818350754495
-0.15872818350754492
-0.1587681828002543
-0.15880599988047525
-0.1588416720667567
-0.15887523565151623
-0.15890672593992333
-0.1589361772869119
-0.1589636231324322
-0.15898909603504213
-0.1590126277039334
-0.1590342490294798
-0.15905399011239074
-0.1590718802915466
-0.1590879481705879
-0.15910222164332613
-0.1591147279180387
-0.15912549354070826
-0.15913454441726033
-0.15914190583485321
-0.15914760248226772
-0.15915165846944332
-0.15915409734620367
-0.15915494212021258
-0.1591542152741981
-0.15915193878248146
-0.15914813412684425
-0.1591428223117663
-0.15913602387906423
-0.15912775892195913
-0.15911804709860083
-0.1591069076450732
-0.15909435938790564
-0.15908042075611276
-0.1590651097927839
-0.15904844416624328
-0.15903044118079943
-0.1590111177871025
-0.15899049059212686
-0.1589685758687954
-0.15894538956526064
-0.1589209473138582
-0.1588952644397461
-0.15886835596924348
-0.15884023663788102
-0.15881092089817606
-0.15878042292714262
-0.15874875663354807
-0.15871593566492675
-0.15868197341436005
-0.15864688302703236
-0.15861067740657275
-0.15857336922118936
-0.15853497090960614
-0.15849549468680862
-0.15845495254960704
-0.15841335628202297
-0.15837071746050688
-0.15832704745899287
-0.15828235745379657
-0.15823665842836257
-0.15818996117786605
-0.1581422763136755
-0.15809361426767993
-0.1580439852964869
-0.1579933994854955
-0.15794186675284846
-0.15788939685326864
-0.15783599938178303
-0.15778168377733884
-0.15772645932631557
-0.15767033516593598
-0.15761332028758038
-0.15755542354000682
-0.157496653632481
-0.1574370191378186
-0.1573765284953429
-0.15731519001376115
-0.15725301187396182
-0.15719000213173534
-0.15712616872042162
-0.15706151945348537
-0.15699606202702346
-0.15692980402220466
-0.1568627529076452
-0.1567949160417215
-0.15672630067482274
-0.1566569139515445
-0.15658676291282564
-0.1565158544980305
-0.15644419554697744
-0.15637179280191602
-0.156298652909454
-0.15622478242243604
-0.1561501878017752
-0.156074875418239
-0.15599885155419116
-0.15592212240529058
-0.15584469408214863
-0.15576657261194615
-0.15568776394001124
-0.15560827393135906
-0.15552810837219466
-0.15544727297138006
-0.1553657733618665
-0.15528361510209296
-0.15520080367735178
-0.15511734450112225
-0.1550332429163736
-0.15494850419683756
-0.1548631335482517
-0.1547771361095744
-0.15469051695417205
-0.1546032810909795
-0.15451543346563443
-0.15442697896158564
-0.15433792240117772
-0.1542482685467103
-0.15415802210147533
-0.15406718771077008
-0.15397576996288917
-0.15388377339009426
-0.15379120246956304
-0.15369806162431757
-0.15360435522413285
-0.15351008758642576
-0.15341526297712538
-0.15331988561152457
-0.1532239596551137
-0.15312748922439703
-0.1530304783876919
-0.1529329311669113
-0.15283485153233015
-0.1527362434183364
-0.1526371107041655
-0.15253745723062132
-0.1524372867897811
-0.15233660313568737
-0.15223540998102503
-0.15213371098778458
-0.15203150978691377
-0.15192880996495428
-0.15182561506666697
-0.15172192859864456
-0.15161775403491254
-0.15151309480351732
-0.15140795429710427
-0.15130233587348382
-0.15119624285218675
-0.1510896785190088
-0.15098264612554518
-0.15087514888471398
-0.15076718997427077
-0.1506587725473133
-0.15054989971377558
-0.1504405745559141
-0.15033080012278432
-0.1502205794317083
-0.15010991546873384
-0.1499988111890848
-0.1498872695176039
-0.14977529334918666
-0.1496628855492076
-0.14955004895393925
-0.1494367863709628
-0.14932310057957193
-0.1492089943311691
-0.149094470349655
-0.1489795313318108
-0.14886417994767398
-0.148748418840907
-0.1486322506291602
-0.14851567790442755
-0.14839870323339704
-0.14828132915779407
-0.14816355819471974
-0.1480453928369828
-0.1479268355534259
-0.1478078887892466
-0.14768855496631267
-0.1475688364834717
-0.14744873571685632
-0.14732825502018343
-0.14720739672404895
-0.14708616314121734
-0.1469645565559062
-0.14684257924006688
-0.14672023343365898
-0.14659752136692236
-0.14647444523964237
-0.14635100724341313
-0.14622720953589408
-0.14610305426706446
-0.14597854355747242
-0.14585367951948067
-0.14572846423750768
-0.1456028997782653
-0.14547698819499322
-0.14535073151868824
-0.14522413176333127
-0.1450971909251099
-0.14496991098163814
-0.14484229389717193
-0.14471434161182184
-0.14458605605676256
-0.14445743914043832
-0.14432849275476606
-0.14419921877933523
-0.14406961907760407
-0.1439396954920932
-0.14380944985257624
-0.14367888397726797
-0.14354799965900816
-0.14341679868544505
-0.14328528282321318
-0.14315345383011152
-0.14302131344027583
-0.14288886337935147
-0.1427561053596615
-0.14262304107637308
-0.14248967221066147
-0.14235600043387153
-0.14222202739767642
-0.14208775474423493
-0.14195318410134544
-0.14181831708459852
-0.14168315529252648
-0.14154770031675187
-0.14141195373213258
-0.14127591710190585
-0.14113959197782946
-0.14100297989532165
-0.1408660823845986
-0.1407289009568098
-0.14059143711417182
-0.14045369234810043
-0.1403156681393403
-0.14017736595109279
-0.140038787243143
-0.13989993345698384
-0.13976080602693894
-0.139621406374284
-0.13948173591436624
-0.13934179604272184
-0.1392015881511927
-0.13906111361804085
-0.13892037381406136
-0.13877937009669428
-0.138638103814134
-0.13849657630443848
-0.13835478889563585
-0.1382127429058304
-0.1380704396433063
-0.1379278804066309
-0.1377850664857562
-0.13764199915711828
-0.13749867969373708
-0.1373551093553131
-0.13721128939332394
-0.13706722105011918
-0.136922905559014
-0.13677834414438186
-0.13663353802174535
-0.1364884883978668
-0.1363431964708368
-0.13619766343016226
-0.13605189045685268
-0.13590587872350607
-0.13575962939439312
-0.13561314362554075
-0.13546642256481423
-0.13531946735199865
-0.13517227911887886
-0.135024858989319
-0.13487720807934045
-0.13472932749719924
-0.1345812183434622
-0.13443288171108264
-0.1342843186854739
-0.13413553034458395
-0.1339865177589669
-0.13383728199185535
-0.13368782409923077
-0.1335381451298936
-0.13338824612553235
-0.13323812812079164
-0.13308779214333957
-0.1329372392139344
-0.13278647034649046
-0.13263548654814256
-0.13248428881931085
-0.1323328781537636
-0.13218125553868043
-0.13202942195471365
-0.13187737837604996
-0.13172512577047024
-0.1315726650994101
-0.13141999731801798
-0.13126712337521423
-0.13111404421374825
-0.13096076077025565
-0.13080727397531455
-0.13065358475350108
-0.1304996940234444
-0.1303456026978813
-0.13019131168370934
-0.13003682188204058
-0.12988213418825367
-0.12972724949204573
-0.12957216867748395
-0.1294168926230558
-0.1292614222017196
-0.1291057582809539
-0.12894990172280624
-0.12879385338394198
-0.12863761411569183
-0.12848118476409953
-0.1283245661699683
-0.12816775916890738
-0.12801076459137767
-0.12785358326273716
-0.12769621600328535
-0.12753866362830804
-0.12738092694812042
-0.12722300676811094
-0.12706490388878386
-0.12690661910580142
-0.12674815321002622
-0.1265895069875621
-0.1264306812197953
-0.12627167668343514
-0.1261124941505538
-0.12595313438862626
-0.12579359816056923
-0.12563388622478017
-0.12547399933517542
-0.12531393824122847
-0.12515370368800727
-0.12499329641621146
-0.12483271716220917
-0.12467196665807329
-0.1245110456316175
-0.12434995480643193
-0.12418869490191829
-0.12402726663332485
-0.12386567071178067
-0.12370390784432997
-0.12354197873396586
-0.12337988407966377
-0.12321762457641425
-0.12305520091525615
-0.1228926137833086
-0.12272986386380334
-0.12256695183611616
-0.12240387837579869
-0.12224064415460899
-0.12207724984054277
-0.12191369609786332
-0.12174998358713245
-0.12158611296523912
-0.12142208488543019
-0.12125789999733873
-0.12109355894701343
-0.12092906237694698
-0.12076441092610483
-0.12059960522995247
-0.12043464592048417
-0.12026953362624958
-0.12010426897238166
-0.11993885258062323
-0.11977328506935375
-0.11960756705361586
-0.11944169914514141
-0.1192756819523773
-0.11910951608051151
-0.11894320213149788
-0.11877674070408181
-0.11861013239382501
-0.11844337779287989
-0.11827647749126442
-0.11810943207438587
-0.11794224212556519
-0.11777490822481039
-0.11760743094909018
-0.11743981087235715
-0.11727204856557086
-0.1171041445964709
-0.11693609953084885
-0.11676791393007142
-0.11659958835335194
-0.116431123357773
-0.11626251949605747
-0.11609377731909064
-0.11592489737469126
-0.11575588020788288
-0.1155867263609144
-0.1154174363730314
-0.11524801078174618
-0.1150784501203583
-0.11490875492047484
-0.11473892571078032
-0.11456896301730636
-0.11439886736345153
-0.11422863927042756
-0.11405827925514375
-0.11388778783449598
-0.11371716552111558
-0.11354641282552308
-0.11337553025571995
-0.11320451831720649
-0.11303337751300044
-0.11286210834365523
-0.11269071130727722
-0.11251918689954402
-0.11234753561372178
-0.11217575794068263
-0.1120038543689218
-0.1118318253845752
-0.11165967147143555
-0.11148739311097015
-0.11131499078233656
-0.11114246496239985
-0.1109698161257483
-0.11079704474471039
-0.11062415128936989
-0.11045113622758274
-0.11027800002499194
-0.11010474314504394
-0.1099313660490036
-0.1097578691959699
-0.10958425304289085
-0.10941051804457891
-0.10923666465372567
-0.10906269332091698
-0.10888860449464718
-0.10871439862133431
-0.10854007614533404
-0.10836563750895416
-0.10819108315246888
-0.10801641351413288
-0.10784162903019495
-0.10766673013491243
-0.10749171726056435
-0.1073165908374654
-0.10714135129397925
-0.10696599905653204
-0.10679053454962542
-0.10661495819585
-0.10643927041589812
-0.10626347162857697
-0.10608756225082125
-0.10591154269770596
-0.10573541338245895
-0.10555917471647377
-0.10538282710932124
-0.10520637096876274
-0.10502980670076158
-0.10485313470949556
-0.10467635539736883
-0.10449946916502378
-0.10432247641135263
-0.10414537753350955
-0.10396817292692181
-0.10379086298530169
-0.10361344810065745
-0.10343592866330507
-0.10325830506212899
-0.10308057768334385
-0.10290274691300508
-0.10272481313451985
-0.10254677672990808
-0.10236863807981338
-0.10219039756226322
-0.10201205555518023
-0.10183361243389191
-0.10165506857239176
-0.1014764243433493
-0.10129768011687033
-0.10111883626300713
-0.10093989314926885
-0.10076085114188074
-0.10058171060554523
-0.10040247190320083
-0.10022313539703236
-0.10004370144723056
-0.09986417041200168
-0.09968454264882728
-0.09950481851347337
-0.0993249983602498
-0.09914508254202017
-0.09896507141021024
-0.09878496531481783
-0.09860476460442158
-0.0984244696261901
-0.09824408072589083
-0.09806359824789908
-0.09788302253520695
-0.09770235392943176
-0.09752159277082505
-0.0973407393982812
-0.09715979414934595
-0.09697875736022467
-0.09679762936579116
-0.09661641049959593
-0.09643510109387435
-0.09625370147955513
-0.09607221198626809
-0.095890632942353
-0.09570896467486686
-0.09552720750959251
-0.09534536177104598
-0.0951634277824852
-0.09498140586691681
-0.09479929634210484
-0.09461709953057777
-0.09443481574963666
-0.09425244531636234
-0.0940699885466231
-0.0938874457560824
-0.09370481725520582
-0.09352210336026884
-0.09333930437836399
-0.09315642062240811
-0.09297345240014962
-0.09279040001917555
-0.09260726378591888
-0.09242404400666529
-0.09224074098256033
-0.09205735501961627
-0.09187388641871938
-0.09169033548163624
-0.09150670250602075
-0.09132298779042089
-0.0911391916342856
-0.09095531433297113
-0.09077135618199791
-0.09058731747480675
-0.09040319850526587
-0.09021899956492682
-0.09003472094578133
-0.08985036293626737
-0.08966592582627575
-0.08948140990340624
-0.08929681545447368
-0.08911214276526461
-0.08892739212054285
-0.0887425638040561
-0.0885576580985416
-0.08837267528573266
-0.088187615646364
-0.08800247946017833
-0.08781726700618156
-0.08763197856139943
-0.08744661440338274
-0.08726117480771323
-0.08707566004925948
-0.08689007040193258
-0.08670440613869163
-0.08651866753154948
-0.08633285485157827
-0.08614696836891508
-0.085961008352767
-0.08577497507141751
-0.08558886879223065
-0.08540268978165759
-0.0852164383052412
-0.0850301146276218
-0.08484371901254213
-0.08465725172285282
-0.08447071302051752
-0.08428410316661811
-0.0840974224213597
-0.08391067104407604
-0.08372384929323415
-0.08353695742643982
-0.08334999570044219
-0.08316296437113915
-0.08297586369358186
-0.08278869392197998
-0.08260145530970626
-0.08241414810930167
-0.08222677257248004
-0.08203932895013274
-0.08185181749233361
-0.08166423844834379
-0.08147659206661592
-0.08128887859479927
-0.08110109827974417
-0.08091325136750653
-0.08072533810335256
-0.0805373587327633
-0.0803493134974388
-0.08016120264030313
-0.07997302640550827
-0.07978478503243903
-0.0795964787647171
-0.07940810783920557
-0.07921967249601297
-0.07903117297349815
-0.0788426095082738
-0.07865398234021159
-0.07846529170344552
-0.07827653783137664
-0.07808772096167708
-0.0778988413272943
-0.07770989916145482
-0.07752089469666895
-0.07733182816573422
-0.07714269979673971
-0.07695350982407022
-0.07676425847340995
-0.0765749459777467
-0.07638557256137543
-0.07619613845490283
-0.07600664388425064
-0.07581708907565957
-0.07562747425469357
-0.07543779964624313
-0.07524806547452942
-0.0750582719631078
-0.0748684193348719
-0.07467850781205693
-0.0744885376162438
-0.07429850896836251
-0.07410842208869595
-0.07391827719688332
-0.07372807451192426
-0.07353781425218156
-0.07334749663538588
-0.07315712187863815
-0.07296669019841404
-0.0727762018105666
-0.07258565693058062
-0.07239505577232541
-0.07220439855055859
-0.07201368547842935
-0.07182291676873204
-0.07163209263365938
-0.07144121328480585
-0.07125027893317101
-0.07105928978916304
-0.07086824606260163
-0.0706771479627218
-0.07048599569817654
-0.07029478947704065
-0.0701035295068136
-0.0699122159944228
-0.06972084914622678
-0.06952942916801866
-0.06933795626502863
-0.06914643064192795
-0.06895485250283125
-0.06876322205130019
-0.06857153949034613
-0.06837980502268383
-0.0681880188494835
-0.06799618117287477
-0.06780429219344927
-0.06761235211151362
-0.06742036112684231
-0.0672283194376811
-0.06703622724474939
-0.0668440847462437
-0.06665189213784001
-0.06645964961869724
-0.06626735738245941
-0.06607501562825935
-0.06588262455072101
-0.06569018434596208
-0.06549769520559745
-0.06530515732674161
-0.06511257090301145
-0.06491993612352892
-0.06472725318692424
-0.064534522281338
-0.06434174360042447
-0.06414891733235377
-0.06395604367081506
-0.06376312280501882
-0.06357015492369988
-0.06337714021911961
-0.06318407887606894
-0.06299097108687093
-0.06279781703638308
-0.06260461691400018
-0.062411370903657025
-0.06221807919483045
-0.06202474197354272
-0.061831359422362904
-0.06163793172841066
-0.06144445907835778
-0.06125094165343115
-0.061057379638415045
-0.06086377321665387
-0.060670122571054245
-0.06047642788408769
-0.060282689337792836
-0.06008890711377834
-0.05989508139322465
-0.05970121235688679
-0.05950730018509663
-0.05931334505776535
-0.059119347154385576
-0.05892530665428393
-0.05873122373537321
-0.05853709857665503
-0.05834293135572159
-0.058148722250008514
-0.057954471436546584
-0.05776017909196478
-0.0575658453924915
-0.057371470513522496
-0.05717705463179938
-0.05698259792117011
-0.05678810055638499
-0.05659356271122361
-0.056398984561905716
-0.056204366279466095
-0.05600970803783216
-0.055815010009732435
-0.055620272367826844
-0.055425495283161985
-0.055230678928266774
-0.055035823474061225
-0.054840929091405
-0.05464599595079056
-0.0544510242223449
-0.05425601407583176
-0.05406096568065376
-0.05386587920585435
-0.053670754820119924
-0.05347559269178182
-0.053280392988818266
-0.053085155878856746
-0.05288988152917552
-0.05269457010670598
-0.052499221778034476
-0.052303836709404354
-0.052108415066717914
-0.05191295701553842
-0.051717462721091845
-0.051521932348269156
-0.05132636606162799
-0.05113076402539474
-0.05093512640346623
-0.05073945335941185
-0.05054374505647541
-0.0503480016575771
-0.05015222332531501
-0.049956410221967534
-0.0497605625094949
-0.04956468034954097
-0.04936876390343537
-0.04917281333219514
-0.048976828796526525
-0.048780810456826945
-0.048584758473186614
-0.04838867300539074
-0.048192554212920756
-0.04799640225495651
-0.04780021729037798
-0.0476039994777671
-0.04740774897440911
-0.04721146594129506
-0.04701515053312282
-0.046818802908299345
-0.04662242322394213
-0.04642601163688098
-0.04622956830365989
-0.04603309338053865
-0.04583658702449437
-0.04564004938822349
-0.04544348063014332
-0.045246880903393835
-0.045050250365839
-0.04485358916906901
-0.044656897467401376
-0.04446017541788315
-0.04426342317229192
-0.04406664088213802
-0.043869828703415825
-0.0436729867888559
-0.04347611529042564
-0.04327921436083185
-0.04308228415227189
-0.042885324816685486
-0.04268833650575603
-0.04249131937091239
-0.042294273563080464
-0.04209719923418492
-0.04190009653340031
-0.041702965612153114
-0.04150580662037297
-0.04130861970774449
-0.041111405024708704
-0.04091416271996426
-0.04071689294296971
-0.04051959584269424
-0.040322271567869786
-0.040124920266992055
-0.03992754208932266
-0.03973013717988991
-0.03953270568949082
-0.0393352477646924
-0.039137763552833375
-0.03894025320102504
-0.038742716856153714
-0.03854515466488111
-0.03834756677264685
-0.03814995332866915
-0.037952314475946713
-0.03775465036125976
-0.037556961129172076
-0.037359246928031956
-0.037161507899973724
-0.036963744191269333
-0.03676595594557966
-0.03656814330856442
-0.03637030642389402
-0.036172445435821196
-0.03597456048827746
-0.035776651724886366
-0.03557871928912214
-0.03538076332425761
-0.03518278397336598
-0.03498478137932176
-0.0347867556848025
-0.03458870703228998
-0.034390635564071646
-0.034192541422241755
-0.033994424748703234
-0.033796285685168424
-0.03359812437316094
-0.03339994095401664
-0.03320173556888519
-0.03300350835873111
-0.03280525946433569
-0.032606989026297606
-0.03240869718503465
-0.032210384080785
-0.03201204985360855
-0.03181369464338798
-0.031615318589830355
-0.03141692183246831
-0.031218504510661264
-0.0310200667633469
-0.030821608730292244
-0.03062313054934509
-0.030424632360185243
-0.03022611430057559
-0.030027576509113904
-0.02982901912298338
-0.029630442283204703
-0.029431846124636535
-0.029233230785977386
-0.029034596404766307
-0.028835943118384708
-0.02863727106405723
-0.028438580378853044
-0.02823987119943719
-0.028041143663571827
-0.027842397906617133
-0.02764363406528305
-0.027444852276380063
-0.02724605267582076
-0.02704723539962068
-0.026848400583650046
-0.02664954836363427
-0.02645067887515587
-0.026251792253655117
-0.026052888634431736
-0.02585396815264559
-0.025655030943318172
-0.025456077141333924
-0.025257106880441103
-0.02505812029825304
-0.02485911752624948
-0.024660098699777696
-0.024461063954053605
-0.02426201342041282
-0.024062947235062287
-0.023863865531580795
-0.023664768443420803
-0.02346565610390889
-0.02326652864749776
-0.023067386206016494
-0.02286822891367239
-0.022669056903051793
-0.022469870308121385
-0.022270669260229067
-0.02207145389310561
-0.02187222433911505
-0.02167298073175661
-0.021473723200415285
-0.0212744518813632
-0.021075166902760643
-0.020875868400657412
-0.02067655650399357
-0.02047723134460079
-0.02027789305620345
-0.020078541769420068
-0.019879177615763417
-0.01967980072664303
-0.019480411233615103
-0.01928100926688426
-0.019081594959054465
-0.01888216844061514
-0.0186827298410175
-0.018483279293274917
-0.01828381692686496
-0.018084342872654806
-0.0178848572611676
-0.01768536022183377
-0.017485851887991535
-0.017286332386888432
-0.017086801849682306
-0.01688726040644234
-0.01668770818715019
-0.016488145321950982
-0.016288571939904493
-0.016088988171486115
-0.01588939414608799
-0.015689789993270205
-0.015490175842511444
-0.015290551823210579
-0.015090918065687454
-0.014891274696183824
-0.014691621846864778
-0.014491959645819437
-0.014292288222062358
-0.014092607704534169
-0.013892918222103035
-0.013693219903565375
-0.01349351287764718
-0.013293797272772311
-0.013094073218226941
-0.012894340841752876
-0.012694600271606541
-0.012494851637952368
-0.012295095066273447
-0.012095330688218702
-0.011895558628675841
-0.011695779018477993
-0.01149599198391317
-0.011296197653597025
-0.011096396155490549
-0.010896587617497651
-0.010696772167466402
-0.010496949933189623
-0.010297121042406637
-0.010097285622803466
-0.009897443802014582
-0.009697595707623394
-0.009497741467163734
-0.00929788120812044
-0.009098015057930679
-0.008898143143984849
-0.008698265593627647
-0.008498382534159
-0.008298494092835298
-0.008098600396870062
-0.00789870157343535
-0.007698797749662424
-0.0074988890526430825
-0.007298975609430323
-0.007099057547039791
-0.006899134992450254
-0.006699208072605189
-0.006499276914413389
-0.0062993416447501074
-0.006099402390457951
-0.005899459278348163
-0.005699512435201363
-0.005499561987768768
-0.0052996080617729
-0.005099650786908945
-0.004899690286845488
-0.004699726689225621
-0.004499760120418032
-0.004299790707767854
-0.004099818577097665
-0.0038998438552087845
-0.0036998666686317606
-0.003499887143877913
-0.003299905407439952
-0.0030999215857931777
-0.0028999358056463797
-0.002699948192692905
-0.0024999588741114365
-0.002299967976067534
-0.00209997562596405
-0.001899981947192397
-0.0016999870691334815
-0.0014999911171588325
-0.0012999942166313314
-0.0010999964969066064
-0.000899998080333551
-0.0006999990972558852
-0.0004999996710123471
-0.00029999992893877314
-9.999999736813554e-05
