0.648179114
0.647070646
0.646046758
0.645068705
0.644121647
0.643198431
0.642295003
0.641408682
0.640537798
0.639681041
0.638837516
0.638006568
0.63718766
0.636380374
0.635584533
0.634799957
0.634026587
0.633264422
0.632513702
0.631774604
0.631047606
0.630333185
0.629632056
0.628945172
0.628273606
0.627618849
0.626982629
0.626366973
0.625774443
0.625207961
0.624670863
0.624166965
0.62370044
0.623275578
0.622896671
0.622567415
0.622290611
0.622067451
0.62189734
0.621747971
0.621536314
0.621246815
0.62087059
0.620401859
0.619838059
0.619179606
0.618430018
0.617595315
0.616683543
0.615704179
0.614667535
0.613584459
0.612465799
0.611322224
0.610163987
0.609000742
0.607841671
0.606695175
0.605569303
0.604471326
0.603407979
0.602385581
0.601409793
0.600485742
0.599617958
0.598810315
0.598065853
0.597387016
0.596774995
0.596230149
0.595751822
0.595337987
0.594985843
0.594691336
0.594449699
0.594255388
0.594102561
0.593985081
0.593896925
0.593832493
0.593786597
0.593754709
0.593726814
0.59368366
0.593620479
0.593533397
0.593418658
0.593272746
0.593092382
0.592874885
0.592617929
0.592320144
0.591980517
0.591599047
0.591176152
0.590713024
0.590211272
0.589673042
0.589100778
0.588497162
0.587865114
0.587207615
0.586527705
0.585828424
0.585112751
0.584383547
0.583643615
0.582895696
0.582142293
0.581385851
0.580628693
0.579873025
0.579120994
0.578374565
0.577635765
0.576906383
0.576188266
0.575483143
0.574792802
0.574118912
0.573463023
0.572826922
0.572211981
0.571619928
0.571052134
0.57050997
0.569994867
0.569508016
0.569050372
0.568622947
0.568226457
0.567861259
0.567527592
0.567225397
0.566954196
0.566713333
0.566501617
0.566317678
0.566159844
0.566026092
0.565914333
0.565822184
0.565747261
0.565687239
0.565639675
0.565598011
0.565541327
0.565464973
0.565366864
0.56524533
0.565098882
0.564926326
0.56472677
0.564499736
0.564244986
0.563962519
0.563652813
0.563316524
0.562954426
0.562567651
0.562157452
0.56172508
0.561272085
0.560799837
0.560309947
0.559803844
0.559283078
0.558749139
0.558203518
0.557647467
0.557082474
0.556509733
0.555930495
0.555345953
0.554757178
0.554165304
0.553571284
0.552976072
0.552380681
0.551785886
0.551192701
0.55060178
0.550014079
0.54943037
0.548851371
0.548277915
0.547710776
0.547150731
0.546598613
0.546055138
0.5455212
0.544997573
0.544485152
0.543984771
0.543497324
0.543023765
0.542564929
0.542121708
0.541695178
0.541286111
0.540895402
0.540524006
0.540172577
0.53984195
0.539532602
0.539245129
0.538979828
0.53873682
0.538516045
0.538317323
0.538140059
0.537983656
0.537847102
0.537729204
0.537628591
0.537543893
0.537469924
0.537378252
0.537258565
0.537108958
0.536927819
0.536713719
0.536465585
0.536182404
0.535863578
0.535508871
0.535117984
0.534691155
0.534228563
0.533730745
0.533198237
0.532631755
0.532032251
0.531400621
0.530737877
0.530045211
0.529323816
0.528574944
0.527799964
0.527000308
0.526177526
0.525333226
0.524469197
0.523587346
0.522689581
0.521778286
0.520855844
0.519924939
0.518988788
0.518050671
0.517114639
0.516185105
0.515267193
0.514366746
0.513490498
0.512646019
0.511841834
0.511087298
0.510392189
0.509766996
0.509208858
0.508539498
0.507681429
0.50661701
0.505325139
0.503780425
0.50194937
0.49978444
0.497214705
0.494128495
0.490342259
0.485500246
0.478741646
0.46481052
0.424265265
0.337907255
0.306166977
0.304222435
0.304677814
0.305248082
0.305811435
0.306360334
0.306893319
0.307409197
0.307906806
0.308384925
0.308842361
0.309277892
0.309690297
0.310078412
0.310441136
0.310777456
0.311086476
0.311367512
0.311620027
0.311843723
0.312038571
0.312204927
0.312343329
0.31245479
0.312545687
0.312647372
0.312768579
0.312910557
0.31307441
0.313260973
0.313470721
0.313703984
0.313960731
0.314240694
0.314543366
0.314868122
0.315214098
0.315580338
0.315965712
0.316369146
0.316789389
0.317225218
0.317675471
0.318138868
0.318614274
0.319100469
0.31959638
0.320100933
0.320613116
0.321131945
0.321656466
0.322185874
0.322719306
0.323256016
0.323795229
0.32433632
0.324878573
0.325421393
0.325964212
0.326506436
0.327047527
0.327586979
0.328124285
0.328658938
0.329190463
0.329718381
0.330242187
0.330761433
0.331275582
0.331784159
0.332286626
0.332782477
0.333271116
0.333751976
0.334224433
0.334687799
0.33514145
0.335584611
0.336016476
0.336436272
0.336843073
0.337235987
0.33761403
0.337976217
0.338321447
0.338648677
0.338956833
0.339244783
0.339511454
0.339755893
0.339977086
0.340174198
0.340346575
0.34049356
0.340614915
0.340728402
0.340858161
0.341006339
0.341173589
0.341360301
0.341566801
0.34179312
0.342039108
0.342304498
0.342588812
0.342891455
0.34321171
0.343548834
0.343901902
0.34427011
0.344652444
0.34504801
0.345455885
0.345875114
0.346304804
0.34674409
0.347192109
0.347648054
0.348111123
0.348580629
0.349055797
0.349535316
0.35000205
0.350047082
0.339946181
0.260481417
0.202082843
0.200000227
0.200000003
0.200000003
0.200000003
0.200000003
0.200000003
0.200000003
0.200000003
0.200000003
0.200000003
0.200000003
0.200000003
0.200000003
0.200000003
0.200000003
0.200000003
0.200000003
0.200000003
0.200000003
0.200000003
0.200000003
0.200000003
0.200000003
0.200000003
0.200000003
0.200000003
0.200000003
0.200000003
0.200000003
0.200000003
0.200000003
0.200000003
0.200000003
0.200000003
0.200000003
0.200000003
0.200000003
0.200000003
0.200000003
0.200000003
0.200000003
0.200000003
0.200000003
0.200000003
0.200000003
0.200000003
0.200000003
0.200000003
0.200000003
0.200000003
0.200000003
0.200000003
0.200000003
0.200000003
0.200000003
0.200000003
0.200000003
0.200000003
0.200000003
0.200000003
0.200000003
0.200000003
0.200000003
0.200000003
0.200000003
0.200000003
0.200000003
0.200000003
0.200000003
0.200000003
0.200000003
0.200000003
0.200000003
0.200000003
0.200000003
0.200000003
0.200000003
0.200000003
0.200000003
0.200000003
0.200000003
0.200000003
0.200000003
0.200000003
0.200000003
0.200000003
0.200000003
0.200000003
0.200000003
0.200000003
0.200000003
0.200000003
0.200000003
0.200000003
0.200000003
0.200000003
0.200000003
