0.0
0.0
0.7071067811865476
0.709
0.71
0.711
0.712
0.713
0.714
0.715
0.716
0.717
0.718
0.719
0.72
0.721
0.722
0.723
0.724
0.725
0.726
0.727
0.728
0.729
0.73
0.731
0.732
0.733
0.734
0.735
0.736
0.737
0.738
0.739
0.74
0.741
0.742
0.743
0.744
0.745
0.746
0.747
0.748
0.749
0.75
0.751
0.752
0.753
0.754
0.755
0.756
0.757
0.758
0.759
0.76
0.761
0.762
0.763
0.764
0.765
0.766
0.767
0.768
0.769
0.77
0.771
0.772
0.773
0.774
0.775
0.776
0.777
0.778
0.779
0.78
0.781
0.782
0.783
0.784
0.785
0.786
0.787
0.788
0.789
0.79
0.791
0.792
0.793
0.794
0.795
0.796
0.797
0.798
0.799
0.8
0.801
0.802
0.803
0.804
0.805
0.806
0.807
0.808
0.809
0.81
0.811
0.812
0.8130000000000001
0.8140000000000001
0.8150000000000001
0.8160000000000001
0.8170000000000001
0.8180000000000001
0.8190000000000001
0.8200000000000001
0.8210000000000001
0.8220000000000001
0.8230000000000001
0.8240000000000001
0.8250000000000001
0.8260000000000001
0.8270000000000001
0.8280000000000001
0.8290000000000001
0.8300000000000001
0.8310000000000001
0.8320000000000001
0.833
0.834
0.835
0.836
0.837
0.838
0.839
0.84
0.841
0.842
0.843
0.844
0.845
0.846
0.847
0.848
0.849
0.85
0.851
0.852
0.853
0.854
0.855
0.856
0.857
0.858
0.859
0.86
0.861
0.862
0.863
0.864
0.865
0.866
0.867
0.868
0.869
0.87
0.871
0.872
0.873
0.874
0.875
0.876
0.877
0.878
0.879
0.88
0.881
0.882
0.883
0.884
0.885
0.886
0.887
0.888
0.889
0.89
0.891
0.892
0.893
0.894
0.895
0.896
0.897
0.898
0.899
0.9
0.901
0.902
0.903
0.904
0.905
0.906
0.907
0.908
0.909
0.91
0.911
0.912
0.913
0.914
0.915
0.916
0.917
0.918
0.919
0.92
0.921
0.922
0.923
0.924
0.925
0.926
0.927
0.928
0.929
0.93
0.931
0.932
0.933
0.934
0.935
0.936
0.937
0.9380000000000001
0.9390000000000001
0.9400000000000001
0.9410000000000001
0.9420000000000001
0.9430000000000001
0.9440000000000001
0.9450000000000001
0.9460000000000001
0.9470000000000001
0.9480000000000001
0.9490000000000001
0.9500000000000001
0.9510000000000001
0.9520000000000001
0.9530000000000001
0.9540000000000001
0.9550000000000001
0.9560000000000001
0.9570000000000001
0.9580000000000001
0.9590000000000001
0.96
0.961
0.962
0.963
0.964
0.965
0.966
0.967
0.968
0.969
0.97
0.971
0.972
0.973
0.974
0.975
0.976
0.977
0.978
0.979
0.98
0.981
0.982
0.983
0.984
0.985
0.986
0.987
0.988
0.989
0.99
0.991
0.992
0.993
0.994
0.995
0.996
0.997
0.998
0.999
1.0
