0
0.09765625
0.1953125
0.29296875
0.390625
0.48828125
0.5859375
0.68359375
0.78125
0.87890625
0.9765625
1.07421875
1.171875
1.26953125
1.3671875
1.46484375
1.5625
1.66015625
1.7578125
1.85546875
1.953125
2.05078125
2.1484375
2.24609375
2.34375
2.44140625
2.5390625
2.63671875
2.734375
2.83203125
2.9296875
3.02734375
3.125
3.22265625
3.3203125
3.41796875
3.515625
3.61328125
3.7109375
3.80859375
3.90625
4.00390625
4.1015625
4.19921875
4.296875
4.39453125
4.4921875
4.58984375
4.6875
4.78515625
4.8828125
4.98046875
5.078125
5.17578125
5.2734375
5.37109375
5.46875
5.56640625
5.6640625
5.76171875
5.859375
5.95703125
6.0546875
6.15234375
6.25
6.34765625
6.4453125
6.54296875
6.640625
6.73828125
6.8359375
6.93359375
7.03125
7.12890625
7.2265625
7.32421875
7.421875
7.51953125
7.6171875
7.71484375
7.8125
7.91015625
8.0078125
8.10546875
8.203125
8.30078125
8.3984375
8.49609375
8.59375
8.69140625
8.7890625
8.88671875
8.984375
9.08203125
9.1796875
9.27734375
9.375
9.47265625
9.5703125
9.66796875
9.765625
9.86328125
9.9609375
10.05859375
10.15625
10.25390625
10.3515625
10.44921875
10.546875
10.64453125
10.7421875
10.83984375
10.9375
11.03515625
11.1328125
11.23046875
11.328125
11.42578125
11.5234375
11.62109375
11.71875
11.81640625
11.9140625
12.01171875
12.109375
12.20703125
12.3046875
12.40234375
12.5
12.59765625
12.6953125
12.79296875
12.890625
12.98828125
13.0859375
13.18359375
13.28125
13.37890625
13.4765625
13.57421875
13.671875
13.76953125
13.8671875
13.96484375
14.0625
14.16015625
14.2578125
14.35546875
14.453125
14.55078125
14.6484375
14.74609375
14.84375
14.94140625
15.0390625
15.13671875
15.234375
15.33203125
15.4296875
15.52734375
15.625
15.72265625
15.8203125
15.91796875
16.015625
16.11328125
16.2109375
16.30859375
16.40625
16.50390625
16.6015625
16.69921875
16.796875
16.89453125
16.9921875
17.08984375
17.1875
17.28515625
17.3828125
17.48046875
17.578125
17.67578125
17.7734375
17.87109375
17.96875
18.06640625
18.1640625
18.26171875
18.359375
18.45703125
18.5546875
18.65234375
18.75
18.84765625
18.9453125
19.04296875
19.140625
19.23828125
19.3359375
19.43359375
19.53125
19.62890625
19.7265625
19.82421875
19.921875
20.01953125
20.1171875
20.21484375
20.3125
20.41015625
20.5078125
20.60546875
20.703125
20.80078125
20.8984375
20.99609375
21.09375
21.19140625
21.2890625
21.38671875
21.484375
21.58203125
21.6796875
21.77734375
21.875
21.97265625
22.0703125
22.16796875
22.265625
22.36328125
22.4609375
22.55859375
22.65625
22.75390625
22.8515625
22.94921875
23.046875
23.14453125
23.2421875
23.33984375
23.4375
23.53515625
23.6328125
23.73046875
23.828125
23.92578125
24.0234375
24.12109375
24.21875
24.31640625
24.4140625
24.51171875
24.609375
24.70703125
24.8046875
24.90234375
25
25.09765625
25.1953125
25.29296875
25.390625
25.48828125
25.5859375
25.68359375
25.78125
25.87890625
25.9765625
26.07421875
26.171875
26.26953125
26.3671875
26.46484375
26.5625
26.66015625
26.7578125
26.85546875
26.953125
27.05078125
27.1484375
27.24609375
27.34375
27.44140625
27.5390625
27.63671875
27.734375
27.83203125
27.9296875
28.02734375
28.125
28.22265625
28.3203125
28.41796875
28.515625
28.61328125
28.7109375
28.80859375
28.90625
29.00390625
29.1015625
29.19921875
29.296875
29.39453125
29.4921875
29.58984375
29.6875
29.78515625
29.8828125
29.98046875
30.078125
30.17578125
30.2734375
30.37109375
30.46875
30.56640625
30.6640625
30.76171875
30.859375
30.95703125
31.0546875
31.15234375
31.25
31.34765625
31.4453125
31.54296875
31.640625
31.73828125
31.8359375
31.93359375
32.03125
32.12890625
32.2265625
32.32421875
32.421875
32.51953125
32.6171875
32.71484375
32.8125
32.91015625
33.0078125
33.10546875
33.203125
33.30078125
33.3984375
33.49609375
33.59375
33.69140625
33.7890625
33.88671875
33.984375
34.08203125
34.1796875
34.27734375
34.375
34.47265625
34.5703125
34.66796875
34.765625
34.86328125
34.9609375
35.05859375
35.15625
35.25390625
35.3515625
35.44921875
35.546875
35.64453125
35.7421875
35.83984375
35.9375
36.03515625
36.1328125
36.23046875
36.328125
36.42578125
36.5234375
36.62109375
36.71875
36.81640625
36.9140625
37.01171875
37.109375
37.20703125
37.3046875
37.40234375
37.5
37.59765625
37.6953125
37.79296875
37.890625
37.98828125
38.0859375
38.18359375
38.28125
38.37890625
38.4765625
38.57421875
38.671875
38.76953125
38.8671875
38.96484375
39.0625
39.16015625
39.2578125
39.35546875
39.453125
39.55078125
39.6484375
39.74609375
39.84375
39.94140625
40.0390625
40.13671875
40.234375
40.33203125
40.4296875
40.52734375
40.625
40.72265625
40.8203125
40.91796875
41.015625
41.11328125
41.2109375
41.30859375
41.40625
41.50390625
41.6015625
41.69921875
41.796875
41.89453125
41.9921875
42.08984375
42.1875
42.28515625
42.3828125
42.48046875
42.578125
42.67578125
42.7734375
42.87109375
42.96875
43.06640625
43.1640625
43.26171875
43.359375
43.45703125
43.5546875
43.65234375
43.75
43.84765625
43.9453125
44.04296875
44.140625
44.23828125
44.3359375
44.43359375
44.53125
44.62890625
44.7265625
44.82421875
44.921875
45.01953125
45.1171875
45.21484375
45.3125
45.41015625
45.5078125
45.60546875
45.703125
45.80078125
45.8984375
45.99609375
46.09375
46.19140625
46.2890625
46.38671875
46.484375
46.58203125
46.6796875
46.77734375
46.875
46.97265625
47.0703125
47.16796875
47.265625
47.36328125
47.4609375
47.55859375
47.65625
47.75390625
47.8515625
47.94921875
48.046875
48.14453125
48.2421875
48.33984375
48.4375
48.53515625
48.6328125
48.73046875
48.828125
48.92578125
49.0234375
49.12109375
49.21875
49.31640625
49.4140625
49.51171875
49.609375
49.70703125
49.8046875
49.90234375
50
50.09765625
50.1953125
50.29296875
50.390625
50.48828125
50.5859375
50.68359375
50.78125
50.87890625
50.9765625
51.07421875
51.171875
51.26953125
51.3671875
51.46484375
51.5625
51.66015625
51.7578125
51.85546875
51.953125
52.05078125
52.1484375
52.24609375
52.34375
52.44140625
52.5390625
52.63671875
52.734375
52.83203125
52.9296875
53.02734375
53.125
53.22265625
53.3203125
53.41796875
53.515625
53.61328125
53.7109375
53.80859375
53.90625
54.00390625
54.1015625
54.19921875
54.296875
54.39453125
54.4921875
54.58984375
54.6875
54.78515625
54.8828125
54.98046875
55.078125
55.17578125
55.2734375
55.37109375
55.46875
55.56640625
55.6640625
55.76171875
55.859375
55.95703125
56.0546875
56.15234375
56.25
56.34765625
56.4453125
56.54296875
56.640625
56.73828125
56.8359375
56.93359375
57.03125
57.12890625
57.2265625
57.32421875
57.421875
57.51953125
57.6171875
57.71484375
57.8125
57.91015625
58.0078125
58.10546875
58.203125
58.30078125
58.3984375
58.49609375
58.59375
58.69140625
58.7890625
58.88671875
58.984375
59.08203125
59.1796875
59.27734375
59.375
59.47265625
59.5703125
59.66796875
59.765625
59.86328125
59.9609375
60.05859375
60.15625
60.25390625
60.3515625
60.44921875
60.546875
60.64453125
60.7421875
60.83984375
60.9375
61.03515625
61.1328125
61.23046875
61.328125
61.42578125
61.5234375
61.62109375
61.71875
61.81640625
61.9140625
62.01171875
62.109375
62.20703125
62.3046875
62.40234375
62.5
62.59765625
62.6953125
62.79296875
62.890625
62.98828125
63.0859375
63.18359375
63.28125
63.37890625
63.4765625
63.57421875
63.671875
63.76953125
63.8671875
63.96484375
64.0625
64.16015625
64.2578125
64.35546875
64.453125
64.55078125
64.6484375
64.74609375
64.84375
64.94140625
65.0390625
65.13671875
65.234375
65.33203125
65.4296875
65.52734375
65.625
65.72265625
65.8203125
65.91796875
66.015625
66.11328125
66.2109375
66.30859375
66.40625
66.50390625
66.6015625
66.69921875
66.796875
66.89453125
66.9921875
67.08984375
67.1875
67.28515625
67.3828125
67.48046875
67.578125
67.67578125
67.7734375
67.87109375
67.96875
68.06640625
68.1640625
68.26171875
68.359375
68.45703125
68.5546875
68.65234375
68.75
68.84765625
68.9453125
69.04296875
69.140625
69.23828125
69.3359375
69.43359375
69.53125
69.62890625
69.7265625
69.82421875
69.921875
70.01953125
70.1171875
70.21484375
70.3125
70.41015625
70.5078125
70.60546875
70.703125
70.80078125
70.8984375
70.99609375
71.09375
71.19140625
71.2890625
71.38671875
71.484375
71.58203125
71.6796875
71.77734375
71.875
71.97265625
72.0703125
72.16796875
72.265625
72.36328125
72.4609375
72.55859375
72.65625
72.75390625
72.8515625
72.94921875
73.046875
73.14453125
73.2421875
73.33984375
73.4375
73.53515625
73.6328125
73.73046875
73.828125
73.92578125
74.0234375
74.12109375
74.21875
74.31640625
74.4140625
74.51171875
74.609375
74.70703125
74.8046875
74.90234375
75
75.09765625
75.1953125
75.29296875
75.390625
75.48828125
75.5859375
75.68359375
75.78125
75.87890625
75.9765625
76.07421875
76.171875
76.26953125
76.3671875
76.46484375
76.5625
76.66015625
76.7578125
76.85546875
76.953125
77.05078125
77.1484375
77.24609375
77.34375
77.44140625
77.5390625
77.63671875
77.734375
77.83203125
77.9296875
78.02734375
78.125
78.22265625
78.3203125
78.41796875
78.515625
78.61328125
78.7109375
78.80859375
78.90625
79.00390625
79.1015625
79.19921875
79.296875
79.39453125
79.4921875
79.58984375
79.6875
79.78515625
79.8828125
79.98046875
80.078125
80.17578125
80.2734375
80.37109375
80.46875
80.56640625
80.6640625
80.76171875
80.859375
80.95703125
81.0546875
81.15234375
81.25
81.34765625
81.4453125
81.54296875
81.640625
81.73828125
81.8359375
81.93359375
82.03125
82.12890625
82.2265625
82.32421875
82.421875
82.51953125
82.6171875
82.71484375
82.8125
82.91015625
83.0078125
83.10546875
83.203125
83.30078125
83.3984375
83.49609375
83.59375
83.69140625
83.7890625
83.88671875
83.984375
84.08203125
84.1796875
84.27734375
84.375
84.47265625
84.5703125
84.66796875
84.765625
84.86328125
84.9609375
85.05859375
85.15625
85.25390625
85.3515625
85.44921875
85.546875
85.64453125
85.7421875
85.83984375
85.9375
86.03515625
86.1328125
86.23046875
86.328125
86.42578125
86.5234375
86.62109375
86.71875
86.81640625
86.9140625
87.01171875
87.109375
87.20703125
87.3046875
87.40234375
87.5
87.59765625
87.6953125
87.79296875
87.890625
87.98828125
88.0859375
88.18359375
88.28125
88.37890625
88.4765625
88.57421875
88.671875
88.76953125
88.8671875
88.96484375
89.0625
89.16015625
89.2578125
89.35546875
89.453125
89.55078125
89.6484375
89.74609375
89.84375
89.94140625
90.0390625
90.13671875
90.234375
90.33203125
90.4296875
90.52734375
90.625
90.72265625
90.8203125
90.91796875
91.015625
91.11328125
91.2109375
91.30859375
91.40625
91.50390625
91.6015625
91.69921875
91.796875
91.89453125
91.9921875
92.08984375
92.1875
92.28515625
92.3828125
92.48046875
92.578125
92.67578125
92.7734375
92.87109375
92.96875
93.06640625
93.1640625
93.26171875
93.359375
93.45703125
93.5546875
93.65234375
93.75
93.84765625
93.9453125
94.04296875
94.140625
94.23828125
94.3359375
94.43359375
94.53125
94.62890625
94.7265625
94.82421875
94.921875
95.01953125
95.1171875
95.21484375
95.3125
95.41015625
95.5078125
95.60546875
95.703125
95.80078125
95.8984375
95.99609375
96.09375
96.19140625
96.2890625
96.38671875
96.484375
96.58203125
96.6796875
96.77734375
96.875
96.97265625
97.0703125
97.16796875
97.265625
97.36328125
97.4609375
97.55859375
97.65625
97.75390625
97.8515625
97.94921875
98.046875
98.14453125
98.2421875
98.33984375
98.4375
98.53515625
98.6328125
98.73046875
98.828125
98.92578125
99.0234375
99.12109375
99.21875
99.31640625
99.4140625
99.51171875
99.609375
99.70703125
99.8046875
99.90234375
