0
0.012192011
0.024384022
0.036576033
0.048768044
0.060960054
0.073152065
0.085344076
0.097536087
0.109728098
0.121920109
0.13411212
0.146304131
0.158496141
0.170688152
0.182880163
0.195072174
0.207264185
0.219456196
0.231648088
0.243839979
0.25603199
0.268224001
0.280416012
0.292608023
0.304800034
0.316992044
0.329184055
0.341376066
0.353568077
0.365760088
0.377952099
0.39014411
0.402336121
0.414528131
0.426720142
0.438912153
0.451104164
0.463296175
0.475488186
0.487680197
0.499872088
0.51206398
0.524255991
0.536448002
0.548640013
0.560832024
0.573024035
0.585216045
0.597408056
0.609600067
0.621792078
0.633984089
0.6461761
0.658368111
0.670560122
0.682752132
0.694944143
0.707136154
0.719328165
0.731520176
0.743712187
0.755904198
0.768096089
0.780287981
0.792479992
0.804672003
0.816864014
0.829056025
0.841248035
0.853440046
0.865632057
0.877824068
0.890016079
0.90220809
0.914400101
0.926592112
0.938784122
0.950976133
0.963168144
0.975360155
0.987552166
0.999744177
1.011936188
1.024128199
1.03632021
1.048512101
1.060704112
1.072896123
1.085088134
1.097280145
1.109472036
1.121664047
1.133856058
1.146048069
1.15824008
1.170432091
1.182624102
1.194816113
1.207008123
1.219200134
1.231392145
1.243584156
1.255776048
1.267968059
1.28016007
1.29235208
1.304544091
1.316736102
1.328928113
1.341120124
1.353312135
1.365504146
1.377696037
1.389888048
1.402080059
1.41427207
1.426464081
1.438656092
1.450848103
1.463040113
1.475232124
1.487424135
1.499616146
1.511808038
1.524000049
1.53619206
1.54838407
1.560576081
1.572768092
1.584960103
1.597152114
1.609344125
1.621536136
1.633728027
1.645920038
1.658112049
1.67030406
1.682496071
1.694688082
1.706880093
1.719072104
1.731264114
1.743456125
1.755648136
1.767840147
1.780032039
1.79222405
1.80441606
1.816608071
1.828800082
1.840992093
1.853184104
1.865376115
1.877568126
1.889760137
1.901952028
1.914144039
1.92633605
1.938528061
1.950720072
1.962912083
1.975104094
1.987296104
1.999488115
2.011680126
2.023872137
2.036064148
2.048256159
2.06044817
2.072640181
2.084832192
2.097024202
2.109216213
2.121407986
2.133600235
2.145792007
2.157984018
2.170176029
2.18236804
2.194560051
2.206752062
2.218944073
2.231136084
2.243328095
2.255520105
2.267712116
2.279904127
2.292096138
2.304288149
2.31648016
2.328672171
2.340864182
2.353055954
2.365248203
2.377439976
2.389632225
2.401823998
2.414016008
2.426208019
2.43840003
2.450592041
2.462784052
2.474976063
2.487168074
2.499360085
2.511552095
2.523744106
2.535936117
2.548128128
2.560320139
2.57251215
2.584704161
2.596896172
2.609088182
2.621280193
2.633471966
2.645664215
2.657855988
2.670047998
2.682240009
2.69443202
2.706624031
2.718816042
2.731008053
2.743200064
2.755392075
2.767584086
2.779776096
2.791968107
2.804160118
2.816352129
2.82854414
2.840736151
2.852928162
2.865120173
2.877312183
2.889504194
2.901696205
2.913887978
2.926079989
2.938271999
2.95046401
2.962656021
2.974848032
2.987040043
2.999232054
3.011424065
3.023616076
3.035808086
3.048000097
3.060192108
3.072384119
3.08457613
3.096768141
3.108960152
3.121152163
3.133344173
3.145536184
3.157728195
3.169920206
3.182111979
3.194303989
3.206496
3.218688011
3.230880022
3.243072033
3.255264044
3.267456055
3.279648066
3.291840076
3.304032087
3.316224098
3.328416109
3.34060812
3.352800131
3.364992142
3.377184153
3.389376164
3.401568174
3.413760185
3.425952196
3.438144207
3.45033598
3.46252799
3.474720001
3.486912012
3.499104023
3.511296034
3.523488045
3.535680056
3.547872067
3.560064077
3.572256088
3.584448099
3.59664011
3.608832121
3.621024132
3.633216143
3.645408154
3.657600164
3.669792175
3.681984186
3.694176197
3.70636797
3.718560219
3.730751991
3.742944002
3.755136013
3.767328024
3.779520035
3.791712046
3.803904057
3.816096067
3.828288078
3.840480089
3.8526721
3.864864111
3.877056122
3.889248133
3.901440144
3.913632155
3.925824165
3.938016176
3.950208187
3.96239996
3.974592209
3.986783981
3.998976231
4.011168003
4.023360252
4.035552025
4.047744274
4.059936047
4.072128296
4.084320068
4.096511841
4.10870409
4.120896339
4.133088112
4.145279884
4.157472134
4.169664383
4.181856155
4.194047928
4.206240177
4.21843195
4.230624199
4.242815971
4.255008221
4.267199993
4.279392242
4.291584015
4.303776264
4.315968037
4.328160286
4.340352058
4.352543831
4.36473608
4.37692833
4.389120102
4.401311874
4.413504124
4.425696373
4.437888145
4.450079918
4.462272167
4.47446394
4.486656189
4.498847961
4.511040211
4.523231983
4.535424233
4.547616005
4.559808254
4.572000027
4.584192276
4.596384049
4.608575821
4.62076807
4.63296032
4.645152092
4.657343864
4.669536114
4.681728363
4.693920136
4.706111908
4.718304157
4.73049593
4.742688179
4.754879952
4.767072201
4.779263973
4.791456223
4.803647995
4.815840244
4.828032017
4.840224266
4.852416039
4.864607811
4.87680006
4.88899231
4.901184082
4.913375855
4.925568104
4.937760353
4.949952126
4.962143898
4.974336147
4.98652792
4.998720169
5.010911942
5.023104191
5.035295963
5.047488213
5.059679985
5.071871758
5.084064007
5.096256256
5.108448029
5.120639801
5.13283205
5.1450243
5.157216072
5.169407845
5.181600094
5.193792343
5.205984116
5.218175888
5.230368137
5.242560387
5.254752159
5.266943932
5.279136181
5.29132843
5.303520203
5.315711975
5.327903748
5.340095997
5.352288246
5.364480019
5.376671791
5.38886404
5.40105629
5.413248062
5.425439835
5.437632084
5.449824333
5.462016106
5.474207878
5.486400127
5.498592377
5.510784149
5.522975922
5.535168171
5.54736042
5.559552193
5.571743965
5.583936214
5.596127987
5.608320236
5.620512009
5.632703781
5.64489603
5.65708828
5.669280052
5.681471825
5.693664074
5.705856323
5.718048096
5.730239868
5.742432118
5.754624367
5.766816139
5.779007912
5.791200161
5.80339241
5.815584183
5.827775955
5.839968205
5.852159977
5.864352226
5.876543999
5.888735771
5.900928021
5.91312027
5.925312042
5.937503815
5.949696064
5.961888313
5.974080086
5.986271858
5.998464108
6.010656357
6.022848129
6.035039902
6.047232151
6.0594244
6.071616173
6.083807945
