0.00025
0.00075
0.00125
0.00175
0.0022500000000000003
0.00275
0.0032500000000000003
0.00375
0.00425
0.004750000000000001
0.00525
0.00575
0.00625
0.006750000000000001
0.00725
0.00775
0.00825
0.00875
0.009250000000000001
0.00975
0.01025
0.010750000000000001
0.01125
0.01175
0.01225
0.012750000000000001
0.013250000000000001
0.01375
0.01425
0.014750000000000001
0.01525
0.01575
0.01625
0.01675
0.01725
0.017750000000000002
0.018250000000000002
0.01875
0.01925
0.01975
0.02025
0.02075
0.02125
0.021750000000000002
0.02225
0.02275
0.02325
0.02375
0.02425
0.02475
0.02525
0.025750000000000002
0.026250000000000002
0.02675
0.02725
0.02775
0.02825
0.02875
0.02925
0.029750000000000002
0.03025
0.03075
0.03125
0.03175
0.03225
0.03275
0.03325
0.03375
0.03425
0.03475
0.035250000000000004
0.035750000000000004
0.036250000000000004
0.03675
0.03725
0.03775
0.03825
0.03875
0.03925
0.03975
0.04025
0.04075
0.04125
0.04175
0.04225
0.04275
0.043250000000000004
0.043750000000000004
0.04425
0.04475
0.04525
0.04575
0.04625
0.04675
0.04725
0.04775
0.04825
0.04875
0.04925
0.04975
0.05025
0.05075
0.051250000000000004
0.051750000000000004
0.052250000000000005
0.05275
0.05325
0.05375
0.05425
0.05475
0.05525
0.05575
0.05625
0.05675
0.05725
0.05775
0.05825
0.058750000000000004
0.059250000000000004
0.059750000000000004
0.06025
0.06075
0.06125
0.06175
0.06225
0.06275
0.06325
0.06375
0.06425
0.06475
0.06525
0.06575
0.06625
0.06675
0.06725
0.06775
0.06825
0.06875
0.06925
0.06975
0.07025
0.07075000000000001
0.07125000000000001
0.07175000000000001
0.07225000000000001
0.07275
0.07325
0.07375
0.07425
0.07475
0.07525
0.07575
0.07625
0.07675
0.07725
0.07775
0.07825
0.07875
0.07925
0.07975
0.08025
0.08075
0.08125
0.08175
0.08225
0.08275
0.08325
0.08375
0.08425
0.08475
0.08525
0.08575
0.08625000000000001
0.08675000000000001
0.08725000000000001
0.08775000000000001
0.08825
0.08875
0.08925
0.08975
0.09025
0.09075
0.09125
0.09175
0.09225
0.09275
0.09325
0.09375
0.09425
0.09475
0.09525
0.09575
0.09625
0.09675
0.09725
0.09775
0.09825
0.09875
0.09925
0.09975
0.10025
0.10075
0.10125
0.10175000000000001
0.10225000000000001
0.10275000000000001
0.10325000000000001
0.10375000000000001
0.10425000000000001
0.10475
0.10525
0.10575
0.10625
0.10675
0.10725
0.10775
0.10825
0.10875
0.10925
0.10975
0.11025
0.11075
0.11125
0.11175
0.11225
0.11275
0.11325
0.11375
0.11425
0.11475
0.11525
0.11575
0.11625
0.11675
0.11725000000000001
0.11775000000000001
0.11825000000000001
0.11875000000000001
0.11925000000000001
0.11975000000000001
0.12025
0.12075
0.12125
0.12175
0.12225
0.12275
0.12325
0.12375
0.12425
0.12475
0.12525
0.12575
0.12625
0.12675
0.12725
0.12775
0.12825
0.12875
0.12925
0.12975
0.13025
0.13075
0.13125
0.13175
0.13225
0.13275
0.13325
0.13375
0.13425
0.13475
0.13525
0.13575
0.13625
0.13675
0.13725
0.13775
0.13825
0.13875
0.13925
0.13975
0.14025
0.14075000000000001
0.14125000000000001
0.14175000000000001
0.14225000000000002
0.14275000000000002
0.14325000000000002
0.14375000000000002
0.14425000000000002
0.14475
0.14525
0.14575
0.14625
0.14675
0.14725
0.14775
0.14825
0.14875
0.14925
0.14975
0.15025
0.15075
0.15125
0.15175
0.15225
0.15275
0.15325
0.15375
0.15425
0.15475
0.15525
0.15575
0.15625
0.15675
0.15725
0.15775
0.15825
0.15875
0.15925
0.15975
0.16025
0.16075
0.16125
0.16175
0.16225
0.16275
0.16325
0.16375
0.16425
0.16475
0.16525
0.16575
0.16625
0.16675
0.16725
0.16775
0.16825
0.16875
0.16925
0.16975
0.17025
0.17075
0.17125
0.17175
0.17225000000000001
0.17275000000000001
0.17325000000000002
0.17375000000000002
0.17425000000000002
0.17475000000000002
0.17525000000000002
0.17575000000000002
0.17625
0.17675
0.17725
0.17775
0.17825
0.17875
0.17925
0.17975
0.18025
0.18075
0.18125
0.18175
0.18225
0.18275
0.18325
0.18375
0.18425
0.18475
0.18525
0.18575
0.18625
0.18675
0.18725
0.18775
0.18825
0.18875
0.18925
0.18975
0.19025
0.19075
0.19125
0.19175
0.19225
0.19275
0.19325
0.19375
0.19425
0.19475
0.19525
0.19575
0.19625
0.19675
0.19725
0.19775
0.19825
0.19875
0.19925
0.19975
0.20025
0.20075
0.20125
0.20175
0.20225
0.20275
0.20325000000000001
0.20375000000000001
0.20425000000000001
0.20475000000000002
0.20525000000000002
0.20575000000000002
0.20625000000000002
0.20675000000000002
0.20725000000000002
0.20775000000000002
0.20825000000000002
0.20875
0.20925
0.20975
0.21025
0.21075
0.21125
0.21175
0.21225
0.21275
0.21325
0.21375
0.21425
0.21475
0.21525
0.21575
0.21625
0.21675
0.21725
0.21775
0.21825
0.21875
0.21925
0.21975
0.22025
0.22075
0.22125
0.22175
0.22225
0.22275
0.22325
0.22375
0.22425
0.22475
0.22525
0.22575
0.22625
0.22675
0.22725
0.22775
0.22825
0.22875
0.22925
0.22975
0.23025
0.23075
0.23125
0.23175
0.23225
0.23275
0.23325
0.23375
0.23425
0.23475000000000001
0.23525000000000001
0.23575000000000002
0.23625000000000002
0.23675000000000002
0.23725000000000002
0.23775000000000002
0.23825000000000002
0.23875000000000002
0.23925000000000002
0.23975000000000002
0.24025
0.24075
0.24125
0.24175
0.24225
0.24275
0.24325
0.24375
0.24425
0.24475
0.24525
0.24575
0.24625
0.24675
0.24725
0.24775
0.24825
0.24875
0.24925
0.24975
0.25025
0.25075
0.25125
0.25175
0.25225
0.25275
0.25325
0.25375
0.25425
0.25475
0.25525
0.25575
0.25625
0.25675
0.25725
0.25775
0.25825
0.25875
0.25925
0.25975
0.26025
0.26075
0.26125
0.26175
0.26225
0.26275
0.26325
0.26375
0.26425
0.26475
0.26525
0.26575
0.26625
0.26675
0.26725
0.26775
0.26825
0.26875
0.26925
0.26975
0.27025
0.27075
0.27125
0.27175
0.27225
0.27275
0.27325
0.27375
0.27425
0.27475
0.27525
0.27575
0.27625
0.27675
0.27725
0.27775
0.27825
0.27875
0.27925
0.27975
0.28025
0.28075
0.28125
0.28175
0.28225
0.28275
0.28325
0.28375
0.28425
0.28475
0.28525
0.28575
0.28625
0.28675
0.28725
0.28775
0.28825
0.28874999999999995
0.28924999999999995
0.28974999999999995
0.29024999999999995
0.29074999999999995
0.29124999999999995
0.29174999999999995
0.29224999999999995
0.29274999999999995
0.29324999999999996
0.29374999999999996
0.29424999999999996
0.29474999999999996
0.29524999999999996
0.29574999999999996
0.29624999999999996
0.29674999999999996
0.29724999999999996
0.29774999999999996
0.29824999999999996
0.29874999999999996
0.29924999999999996
0.29974999999999996
0.30024999999999996
0.30074999999999996
0.30124999999999996
0.30174999999999996
0.30224999999999996
0.30274999999999996
0.30324999999999996
0.30374999999999996
0.30424999999999996
0.30474999999999997
0.30524999999999997
0.30574999999999997
0.30624999999999997
0.30674999999999997
0.30724999999999997
0.30774999999999997
0.30824999999999997
0.30874999999999997
0.30924999999999997
0.30974999999999997
0.31024999999999997
0.31074999999999997
0.31124999999999997
0.31174999999999997
0.31224999999999997
0.31275
0.31325
0.31375
0.31425
0.31475
0.31525
0.31575
0.31625
0.31675
0.31725
0.31775
0.31825
0.31875
0.31925
0.31975
0.32025
0.32075
0.32125
0.32175
0.32225
0.32275
0.32325
0.32375
0.32425
0.32475
0.32525
0.32575
0.32625
0.32675
0.32725
0.32775
0.32825
0.32875
0.32925
0.32975
0.33025
0.33075
0.33125
0.33175
0.33225
0.33275
0.33325
0.33375
0.33425
0.33475
0.33525
0.33575
0.33625
0.33675
0.33725
0.33775
0.33825
0.33875
0.33925
0.33975
0.34025
0.34075
0.34125
0.34175
0.34225
0.34275
0.34325
0.34375
0.34425
0.34475
0.34525
0.34575
0.34625
0.34675
0.34725
0.34775
0.34825
0.34875
0.34925
0.34975
0.35025
0.35075
0.35125
0.35175
0.35224999999999995
0.35274999999999995
0.35324999999999995
0.35374999999999995
0.35424999999999995
0.35474999999999995
0.35524999999999995
0.35574999999999996
0.35624999999999996
0.35674999999999996
0.35724999999999996
0.35774999999999996
0.35824999999999996
0.35874999999999996
0.35924999999999996
0.35974999999999996
0.36024999999999996
0.36074999999999996
0.36124999999999996
0.36174999999999996
0.36224999999999996
0.36274999999999996
0.36324999999999996
0.36374999999999996
0.36424999999999996
0.36474999999999996
0.36524999999999996
0.36574999999999996
0.36624999999999996
0.36674999999999996
0.36724999999999997
0.36774999999999997
0.36824999999999997
0.36874999999999997
0.36924999999999997
0.36974999999999997
0.37024999999999997
0.37074999999999997
0.37124999999999997
0.37174999999999997
0.37224999999999997
0.37274999999999997
0.37324999999999997
0.37374999999999997
0.37424999999999997
0.37474999999999997
0.37525
0.37575
0.37625
0.37675
0.37725
0.37775
0.37825
0.37875
0.37925
0.37975
0.38025
0.38075
0.38125
0.38175
0.38225
0.38275
0.38325
0.38375
0.38425
0.38475
0.38525
0.38575
0.38625
0.38675
0.38725
0.38775
0.38825
0.38875
0.38925
0.38975
0.39025
0.39075
0.39125
0.39175
0.39225
0.39275
0.39325
0.39375
0.39425
0.39475
0.39525
0.39575
0.39625
0.39675
0.39725
0.39775
0.39825
0.39875
0.39925
0.39975
0.40025
0.40075
0.40125
0.40175
0.40225
0.40275
0.40325
0.40375
0.40425
0.40475
0.40525
0.40575
0.40625
0.40675
0.40725
0.40775
0.40825
0.40875
0.40925
0.40975
0.41025
0.41075
0.41125
0.41175
0.41225
0.41275
0.41325
0.41375
0.41425
0.41475
0.41525
0.41575
0.41625
0.41674999999999995
0.41724999999999995
0.41774999999999995
0.41824999999999996
0.41874999999999996
0.41924999999999996
0.41974999999999996
0.42024999999999996
0.42074999999999996
0.42124999999999996
0.42174999999999996
0.42224999999999996
0.42274999999999996
0.42324999999999996
0.42374999999999996
0.42424999999999996
0.42474999999999996
0.42524999999999996
0.42574999999999996
0.42624999999999996
0.42674999999999996
0.42724999999999996
0.42774999999999996
0.42824999999999996
0.42874999999999996
0.42924999999999996
0.42974999999999997
0.43024999999999997
0.43074999999999997
0.43124999999999997
0.43174999999999997
0.43224999999999997
0.43274999999999997
0.43324999999999997
0.43374999999999997
0.43424999999999997
0.43474999999999997
0.43524999999999997
0.43574999999999997
0.43624999999999997
0.43674999999999997
0.43724999999999997
0.43775
0.43825
0.43875
0.43925
0.43975
0.44025
0.44075
0.44125
0.44175
0.44225
0.44275
0.44325
0.44375
0.44425
0.44475
0.44525
0.44575
0.44625
0.44675
0.44725
0.44775
0.44825
0.44875
0.44925
0.44975
0.45025
0.45075
0.45125
0.45175
0.45225
0.45275
0.45325
0.45375
0.45425
0.45475
0.45525
0.45575
0.45625
0.45675
0.45725
0.45775
0.45825
0.45875
0.45925
0.45975
0.46025
0.46075
0.46125
0.46175
0.46225
0.46275
0.46325
0.46375
0.46425
0.46475
0.46525
0.46575
0.46625
0.46675
0.46725
0.46775
0.46825
0.46875
0.46925
0.46975
0.47025
0.47075
0.47125
0.47175
0.47225
0.47275
0.47325
0.47375
0.47425
0.47475
0.47525
0.47575
0.47625
0.47675
0.47725
0.47775
0.47825
0.47875
0.47925
0.47975
0.48024999999999995
0.48074999999999996
0.48124999999999996
0.48174999999999996
0.48224999999999996
0.48274999999999996
0.48324999999999996
0.48374999999999996
0.48424999999999996
0.48474999999999996
0.48524999999999996
0.48574999999999996
0.48624999999999996
0.48674999999999996
0.48724999999999996
0.48774999999999996
0.48824999999999996
0.48874999999999996
0.48924999999999996
0.48974999999999996
0.49024999999999996
0.49074999999999996
0.49124999999999996
0.49174999999999996
0.49224999999999997
0.49274999999999997
0.49324999999999997
0.49374999999999997
0.49424999999999997
0.49474999999999997
0.49524999999999997
0.49574999999999997
0.49624999999999997
0.49674999999999997
0.49724999999999997
0.49774999999999997
0.49824999999999997
0.49874999999999997
0.49924999999999997
0.49974999999999997
0.50025
0.50075
0.50125
0.50175
0.50225
0.50275
0.50325
0.50375
0.50425
0.50475
0.50525
0.50575
0.50625
0.50675
0.50725
0.50775
0.50825
0.50875
0.50925
0.50975
0.51025
0.51075
0.51125
0.51175
0.51225
0.5127499999999999
0.51325
0.5137499999999999
0.51425
0.5147499999999999
0.51525
0.5157499999999999
0.51625
0.5167499999999999
0.51725
0.5177499999999999
0.51825
0.5187499999999999
0.51925
0.5197499999999999
0.52025
0.5207499999999999
0.52125
0.5217499999999999
0.52225
0.5227499999999999
0.52325
0.5237499999999999
0.52425
0.5247499999999999
0.52525
0.5257499999999999
0.52625
0.5267499999999999
0.52725
0.5277499999999999
0.52825
0.5287499999999999
0.52925
0.5297499999999999
0.53025
0.5307499999999999
0.53125
0.53175
0.53225
0.53275
0.53325
0.53375
0.53425
0.53475
0.53525
0.53575
0.53625
0.53675
0.53725
0.53775
0.53825
0.53875
0.53925
0.53975
0.54025
0.54075
0.54125
0.54175
0.54225
0.54275
0.54325
0.54375
0.54425
0.54475
0.54525
0.54575
0.54625
0.54675
0.54725
0.54775
0.54825
0.54875
0.54925
0.54975
0.55025
0.55075
0.55125
0.55175
0.55225
0.55275
0.55325
0.55375
0.55425
0.55475
0.55525
0.55575
0.55625
0.55675
0.55725
0.55775
0.55825
0.55875
0.55925
0.55975
0.56025
0.56075
0.56125
0.56175
0.56225
0.56275
0.56325
0.56375
0.56425
0.56475
0.56525
0.56575
0.56625
0.56675
0.56725
0.56775
0.56825
0.56875
0.56925
0.56975
0.57025
0.57075
0.57125
0.57175
0.57225
0.57275
0.57325
0.57375
0.57425
0.57475
0.57525
0.57575
0.57625
0.57675
0.5772499999999999
0.57775
0.5782499999999999
0.57875
0.5792499999999999
0.57975
0.5802499999999999
0.58075
0.5812499999999999
0.58175
0.5822499999999999
0.58275
0.5832499999999999
0.58375
0.5842499999999999
0.58475
0.5852499999999999
0.58575
0.5862499999999999
0.58675
0.5872499999999999
0.58775
0.5882499999999999
0.58875
0.5892499999999999
0.58975
0.5902499999999999
0.59075
0.5912499999999999
0.59175
0.5922499999999999
0.59275
0.5932499999999999
0.59375
0.59425
0.59475
0.59525
0.59575
0.59625
0.59675
0.59725
0.59775
0.59825
0.59875
0.59925
0.59975
0.60025
0.60075
0.60125
0.60175
0.60225
0.60275
0.60325
0.60375
0.60425
0.60475
0.60525
0.60575
0.60625
0.60675
0.60725
0.60775
0.60825
0.60875
0.60925
0.60975
0.61025
0.61075
0.61125
0.61175
0.61225
0.61275
0.61325
0.61375
0.61425
0.61475
0.61525
0.61575
0.61625
0.61675
0.61725
0.61775
0.61825
0.61875
0.61925
0.61975
0.62025
0.62075
0.62125
0.62175
0.62225
0.62275
0.62325
0.62375
0.62425
0.62475
0.62525
0.62575
0.62625
0.62675
0.62725
0.62775
0.62825
0.62875
0.62925
0.62975
0.63025
0.63075
0.63125
0.63175
0.63225
0.63275
0.63325
0.63375
0.63425
0.63475
0.63525
0.63575
0.63625
0.63675
0.63725
0.63775
0.63825
0.63875
0.63925
0.63975
0.64025
0.6407499999999999
0.64125
0.6417499999999999
0.64225
0.6427499999999999
0.64325
0.6437499999999999
0.64425
0.6447499999999999
0.64525
0.6457499999999999
0.64625
0.6467499999999999
0.64725
0.6477499999999999
0.64825
0.6487499999999999
0.64925
0.6497499999999999
0.65025
0.6507499999999999
0.65125
0.6517499999999999
0.65225
0.6527499999999999
0.65325
0.6537499999999999
0.65425
0.6547499999999999
0.65525
0.6557499999999999
0.65625
0.65675
0.65725
0.65775
0.65825
0.65875
0.65925
0.65975
0.66025
0.66075
0.66125
0.66175
0.66225
0.66275
0.66325
0.66375
0.66425
0.66475
0.66525
0.66575
0.66625
0.66675
0.66725
0.66775
0.66825
0.66875
0.66925
0.66975
0.67025
0.67075
0.67125
0.67175
0.67225
0.67275
0.67325
0.67375
0.67425
0.67475
0.67525
0.67575
0.67625
0.67675
0.67725
0.67775
0.67825
0.67875
0.67925
0.67975
0.68025
0.68075
0.68125
0.68175
0.68225
0.68275
0.68325
0.68375
0.68425
0.68475
0.68525
0.68575
0.68625
0.68675
0.68725
0.68775
0.68825
0.68875
0.68925
0.68975
0.69025
0.69075
0.69125
0.69175
0.69225
0.69275
0.69325
0.69375
0.69425
0.69475
0.69525
0.69575
0.69625
0.69675
0.69725
0.69775
0.69825
0.69875
0.69925
0.69975
0.70025
0.70075
0.70125
0.70175
0.70225
0.70275
0.70325
0.70375
0.7042499999999999
0.70475
0.7052499999999999
0.70575
0.7062499999999999
0.70675
0.7072499999999999
0.70775
0.7082499999999999
0.70875
0.7092499999999999
0.70975
0.7102499999999999
0.71075
0.7112499999999999
0.71175
0.7122499999999999
0.71275
0.7132499999999999
0.71375
0.7142499999999999
0.71475
0.7152499999999999
0.71575
0.7162499999999999
0.71675
0.7172499999999999
0.71775
0.7182499999999999
0.71875
0.71925
0.71975
0.72025
0.72075
0.72125
0.72175
0.72225
0.72275
0.72325
0.72375
0.72425
0.72475
0.72525
0.72575
0.72625
0.72675
0.72725
0.72775
0.72825
0.72875
0.72925
0.72975
0.73025
0.73075
0.73125
0.73175
0.73225
0.73275
0.73325
0.73375
0.73425
0.73475
0.73525
0.73575
0.73625
0.73675
0.73725
0.73775
0.73825
0.73875
0.73925
0.73975
0.74025
0.74075
0.74125
0.74175
0.74225
0.74275
0.74325
0.74375
0.74425
0.74475
0.74525
0.74575
0.74625
0.74675
0.74725
0.74775
0.74825
0.74875
0.74925
0.74975
0.75025
0.75075
0.75125
0.75175
0.75225
0.75275
0.75325
0.75375
0.75425
0.75475
0.75525
0.75575
0.75625
0.75675
0.75725
0.75775
0.75825
0.75875
0.75925
0.75975
0.76025
0.76075
0.76125
0.76175
0.76225
0.76275
0.76325
0.76375
0.76425
0.76475
0.76525
0.76575
0.76625
0.76675
0.76725
0.76775
0.76825
0.7687499999999999
0.76925
0.7697499999999999
0.77025
0.7707499999999999
0.77125
0.7717499999999999
0.77225
0.7727499999999999
0.77325
0.7737499999999999
0.77425
0.7747499999999999
0.77525
0.7757499999999999
0.77625
0.7767499999999999
0.77725
0.7777499999999999
0.77825
0.7787499999999999
0.77925
0.7797499999999999
0.78025
0.7807499999999999
0.78125
0.78175
0.78225
0.78275
0.78325
0.78375
0.78425
0.78475
0.78525
0.78575
0.78625
0.78675
0.78725
0.78775
0.78825
0.78875
0.78925
0.78975
0.79025
0.79075
0.79125
0.79175
0.79225
0.79275
0.79325
0.79375
0.79425
0.79475
0.79525
0.79575
0.79625
0.79675
0.79725
0.79775
0.79825
0.79875
0.79925
0.79975
0.80025
0.80075
0.80125
0.80175
0.80225
0.80275
0.80325
0.80375
0.80425
0.80475
0.80525
0.80575
0.80625
0.80675
0.80725
0.80775
0.80825
0.80875
0.80925
0.80975
0.81025
0.81075
0.81125
0.81175
0.81225
0.81275
0.81325
0.81375
0.81425
0.81475
0.81525
0.81575
0.81625
0.81675
0.81725
0.81775
0.81825
0.81875
0.81925
0.81975
0.82025
0.82075
0.82125
0.82175
0.82225
0.82275
0.82325
0.82375
0.82425
0.82475
0.82525
0.82575
0.82625
0.82675
0.82725
0.82775
0.82825
0.82875
0.82925
0.82975
0.83025
0.83075
0.83125
0.83175
0.83225
0.83275
0.8332499999999999
0.83375
0.8342499999999999
0.83475
0.8352499999999999
0.83575
0.8362499999999999
0.83675
0.8372499999999999
0.83775
0.8382499999999999
0.83875
0.8392499999999999
0.83975
0.8402499999999999
0.84075
0.8412499999999999
0.84175
0.8422499999999999
0.84275
0.8432499999999999
0.84375
0.84425
0.84475
0.84525
0.84575
0.84625
0.84675
0.84725
0.84775
0.84825
0.84875
0.84925
0.84975
0.85025
0.85075
0.85125
0.85175
0.85225
0.85275
0.85325
0.85375
0.85425
0.85475
0.85525
0.85575
0.85625
0.85675
0.85725
0.85775
0.85825
0.85875
0.85925
0.85975
0.86025
0.86075
0.86125
0.86175
0.86225
0.86275
0.86325
0.86375
0.86425
0.86475
0.86525
0.86575
0.86625
0.86675
0.86725
0.86775
0.86825
0.86875
0.86925
0.86975
0.87025
0.87075
0.87125
0.87175
0.87225
0.87275
0.87325
0.87375
0.87425
0.87475
0.87525
0.87575
0.87625
0.87675
0.87725
0.87775
0.87825
0.87875
0.87925
0.87975
0.88025
0.88075
0.88125
0.88175
0.88225
0.88275
0.88325
0.88375
0.88425
0.88475
0.88525
0.88575
0.88625
0.88675
0.88725
0.88775
0.88825
0.88875
0.88925
0.88975
0.89025
0.89075
0.89125
0.89175
0.89225
0.89275
0.89325
0.89375
0.89425
0.89475
0.89525
0.89575
0.89625
0.8967499999999999
0.89725
0.8977499999999999
0.89825
0.8987499999999999
0.89925
0.8997499999999999
0.90025
0.9007499999999999
0.90125
0.9017499999999999
0.90225
0.9027499999999999
0.90325
0.9037499999999999
0.90425
0.9047499999999999
0.90525
0.9057499999999999
0.90625
0.90675
0.90725
0.90775
0.90825
0.90875
0.90925
0.90975
0.91025
0.91075
0.91125
0.91175
0.91225
0.91275
0.91325
0.91375
0.91425
0.91475
0.91525
0.91575
0.91625
0.91675
0.91725
0.91775
0.91825
0.91875
0.91925
0.91975
0.92025
0.92075
0.92125
0.92175
0.92225
0.92275
0.92325
0.92375
0.92425
0.92475
0.92525
0.92575
0.92625
0.92675
0.92725
0.92775
0.92825
0.92875
0.92925
0.92975
0.93025
0.93075
0.93125
0.93175
0.93225
0.93275
0.93325
0.93375
0.93425
0.93475
0.93525
0.93575
0.93625
0.93675
0.93725
0.93775
0.93825
0.93875
0.93925
0.93975
0.94025
0.94075
0.94125
0.94175
0.94225
0.94275
0.94325
0.94375
0.94425
0.94475
0.94525
0.94575
0.94625
0.94675
0.94725
0.94775
0.94825
0.94875
0.94925
0.94975
0.95025
0.95075
0.95125
0.95175
0.95225
0.95275
0.95325
0.95375
0.95425
0.95475
0.95525
0.95575
0.95625
0.95675
0.95725
0.95775
0.95825
0.95875
0.95925
0.95975
0.9602499999999999
0.96075
0.9612499999999999
0.96175
0.9622499999999999
0.96275
0.9632499999999999
0.96375
0.9642499999999999
0.96475
0.9652499999999999
0.96575
0.9662499999999999
0.96675
0.9672499999999999
0.96775
0.9682499999999999
0.96875
0.96925
0.96975
0.97025
0.97075
0.97125
0.97175
0.97225
0.97275
0.97325
0.97375
0.97425
0.97475
0.97525
0.97575
0.97625
0.97675
0.97725
0.97775
0.97825
0.97875
0.97925
0.97975
0.98025
0.98075
0.98125
0.98175
0.98225
0.98275
0.98325
0.98375
0.98425
0.98475
0.98525
0.98575
0.98625
0.98675
0.98725
0.98775
0.98825
0.98875
0.98925
0.98975
0.99025
0.99075
0.99125
0.99175
0.99225
0.99275
0.99325
0.99375
0.99425
0.99475
0.99525
0.99575
0.99625
0.99675
0.99725
0.99775
0.99825
0.99875
0.99925
0.99975
