0
0
0
0
0
0
0
0
0
0
0
0
0
0
0
0
0
0
0
0
0
0
0
0
0
0
0
0
0
0
0
0
0
0
0
0
0
0
0
0
0
0
0
0
0
0
0
0
0
0
0
0
0
0
0
0
0
0
0
0
0
0
0
0
0
0
0
0
0
0
0
0
1.88E-38
6.66E-38
2.33E-37
8.03E-37
2.73E-36
9.19E-36
3.05E-35
1.00E-34
3.24E-34
1.04E-33
3.28E-33
1.02E-32
3.16E-32
9.66E-32
2.92E-31
8.70E-31
2.57E-30
7.51E-30
2.17E-29
6.20E-29
1.76E-28
4.92E-28
1.36E-27
3.74E-27
1.02E-26
2.74E-26
7.31E-26
1.93E-25
5.06E-25
1.31E-24
3.38E-24
8.61E-24
2.18E-23
5.46E-23
1.36E-22
3.35E-22
8.19E-22
1.99E-21
4.79E-21
1.14E-20
2.72E-20
6.40E-20
1.50E-19
3.48E-19
8.04E-19
1.85E-18
4.21E-18
9.53E-18
2.15E-17
4.81E-17
1.07E-16
2.38E-16
5.24E-16
1.15E-15
2.51E-15
5.46E-15
1.18E-14
2.55E-14
5.48E-14
1.17E-13
2.50E-13
5.32E-13
1.13E-12
2.38E-12
5.02E-12
1.05E-11
2.21E-11
4.63E-11
9.66E-11
2.01E-10
4.19E-10
8.70E-10
1.81E-09
3.74E-09
7.74E-09
1.60E-08
3.30E-08
6.81E-08
1.40E-07
2.89E-07
5.94E-07
1.22E-06
2.51E-06
5.15E-06
1.06E-05
2.17E-05
4.45E-05
9.13E-05
0.000187026
0.000383134
0.000784595
0.001606001
0.003285063
0.006711647
0.013683774
0.027779713
0.055919435
0.110575855
0.210621089
0.359268785
0.359320939
0.35932532
0.359326154
0.359326422
0.359326571
0.359326661
0.35932672
0.35932678
0.359326839
0.359326899
0.359326959
0.359327018
0.359327078
0.359327108
0.359327167
0.359327227
0.359327286
0.359327346
0.359327406
0.359327465
0.359327525
0.359327585
0.359327644
0.359327674
0.359327734
0.359327793
0.359327853
0.359327912
0.359327972
0.359328032
0.359328091
0.359328151
0.35932821
0.35932827
0.35932833
0.359328389
0.359328449
0.359328508
0.359328568
0.359328628
0.359328687
0.359328747
0.359328806
0.359328866
0.359328955
0.359329015
0.359329075
0.359329134
0.359329194
0.359329253
0.359329313
0.359329373
0.359329432
0.359329492
0.359329551
0.359329611
0.359329671
0.3593297
0.35932973
0.359329611
0.359328806
0.359317452
0
0
0
0
0
0
0
0
0
0
0
0
0
0
0
0
0
0
0
0
0
0
0
0
0
0
0
0
0
0
0
0
0
0
0
0
0
0
0
0
0
0
0
0
0
0
0
0
0
0
0
0
0
0
0
0
0
0
0
0
0
0
0
0
0
0
0
0
0
0
0
0
0
0
0
0
0
0
0
0
0
0
0
0
0
0
0
0
0
0
0
0
0
0
0
0
0
0
0
0
0
0
0
0
0
0
0
0
0
0
0
0
0
0
0
0
0
0
0
0
0
0
0
0
0
0
0
0
0
0
0
0
0
0
0
0
0
0
0
0
0
0
0
0
0
0
0
0
0
0
0
0
0
0
0
0
0
0
0
0
0
0
0
0
0
0
0
0
0
0
0
0
0
0
0
0
0
0
0
0
0
0
0
0
0
0
0
0
0
0
0
0
0
0
0
0
0
0
0
0
0
0
0
0
0
0
0
0
0
0
0
0
0
0
0
0
0
0
0
0
0
0
0
0
0
0
0
0
0
0
0
0
0
0
0
0
0
0
0
0
0
0
0
0
0
0
0
0
0
0
0
0
0
0
0
0
0
0
0
0
0
0
0
0
0
0
0
0
0
0
0
0
0
0
0
0
0
0
0
0
0
0
0
0
0
0
0
0
0
0
0
0
0
0
0
0
0
0
0
0
0
0
0
0
0
0
0
0
0
0
0
0
0
0
0
0
0
0
0
0
0
0
0
0
0
0
0
0
0
0
0
0
0
0
0
0
0
0
0
0
0
0
0
0
0
0
0
0
0
0
0
0
0
0
0
0
0
0
0
0
0
0
0
0
0
0
0
0
0
0
0
0
0
0
0
0
0
0
0
0
0
0
0
0
0
0
0
0
0
0
0
0
0
0
0
0
0
0
0
0
0
0
0
0
0
0
0
0
0
0
0
0
0
0
0
0
0
0
0
0
0
0
0
0
0
0
0
0
0
0
0
0
0
0
0
0
0
0
0
0
0
0
0
0
0
0
0
0
0
0
0
0
0
0
0
0
0
0
0
0
0
0
0
0
0
0
0
0
0
0
0
0
0
0
0
0
0
0
0
0
0
0
0
0
0
0
0
0
0
0
0
0
0
0
0
0
0
0
0
0
0
0
0
0
0
0
0
0
0
0
0
0
0
0
0
0
0
0
0
0
0
0
0
0
0
0
0
0
0
0
0
0
0
0
0
0
0
0
0
0
0
0
0
0
0
0
0
0
0
0
0
0
0
0
0
0
0
0
0
0
0
0
0
0
0
0
0
0
0
0
0
0
0
0
0
0
0
0
0
0
0
0
0
0
0
0
0
0
0
0
0
0
0
0
0
0
0
0
0
0
0
0
0
0
0
0
0
0
0
0
0
0
0
0
0
0
0
0
0
0
0
0
0
0
0
0
0
0
0
0
0
0
0
0
0
0
0
0
0
0
0
0
0
0
0
0
0
0
0
0
0
0
0
0
0
0
0
0
0
0
0
0
0
0
0
0
0
0
0
0
0
0
0
0
0
0
0
0
0
0
0
0
0
0
0
0
0
0
0
0
0
0
0
0
0
0
0
0
0
0
0
0
0
0
0
0
0
0
0
0
0
0
0
0
0
0
0
0
0
0
0
0
0
0
0
0
0
0
0
0
0
0
0
0
0
0
0
0
0
0
0
0
0
0
0
0
0
0
0
0
0
0
0
0
0
0
0
0
0
0
0
0
0
0
0
0
0
0
0
0
0
0
0
0
0
0
0
0
0
0
0
0
0
0
0
0
0
0
0
0
