0
0
0
0
0
0
0
0
0
0
0
0
0
0
0
0
0
0
0
0
0
0
0
0
0
0
0
0
0
0
0
0
0
0
0
0
0
0
0
0
0
0
0
0
0
0
0
0
0
0
0
0
0
0
0
0
0
0
0
0
0
0
0
0
0
0
0
0
0
0
0
0
1.88E-38
6.66E-38
2.33E-37
8.03E-37
2.73E-36
9.19E-36
3.05E-35
1.00E-34
3.24E-34
1.04E-33
3.28E-33
1.02E-32
3.16E-32
9.66E-32
2.92E-31
8.70E-31
2.57E-30
7.51E-30
2.17E-29
6.20E-29
1.76E-28
4.92E-28
1.36E-27
3.74E-27
1.02E-26
2.74E-26
7.31E-26
1.93E-25
5.06E-25
1.31E-24
3.38E-24
8.61E-24
2.18E-23
5.46E-23
1.36E-22
3.35E-22
8.19E-22
1.99E-21
4.79E-21
1.14E-20
2.72E-20
6.40E-20
1.50E-19
3.48E-19
8.04E-19
1.85E-18
4.21E-18
9.53E-18
2.15E-17
4.81E-17
1.07E-16
2.38E-16
5.24E-16
1.15E-15
2.51E-15
5.46E-15
1.18E-14
2.55E-14
5.48E-14
1.17E-13
2.50E-13
5.32E-13
1.13E-12
2.38E-12
5.02E-12
1.05E-11
2.21E-11
4.63E-11
9.66E-11
2.01E-10
4.19E-10
8.70E-10
1.81E-09
3.74E-09
7.74E-09
1.60E-08
3.30E-08
6.81E-08
1.40E-07
2.89E-07
5.94E-07
1.22E-06
2.51E-06
5.15E-06
1.06E-05
2.17E-05
4.45E-05
9.13E-05
0.000187026
0.000383134
0.000784595
0.001606001
0.003285063
0.006711647
0.013683774
0.027779713
0.055919435
0.110575855
0.210621089
0.364284009
0.468794376
0.501313508
0.516703188
0.525800049
0.531928897
0.536425412
0.539928734
0.542782724
0.545188606
0.547271907
0.549114883
0.550773799
0.552288234
0.553687096
0.554991841
0.556218624
0.557380259
0.558486581
0.559545577
0.560563684
0.561546206
0.562497556
0.563421488
0.56432116
0.565199316
0.566058338
0.566900253
0.567727089
0.568540454
0.569341958
0.57013315
0.570915282
0.571689785
0.572457969
0.573221087
0.573980629
0.574737847
0.57549423
0.576251388
0.577010989
0.577774942
0.578545332
0.579324663
0.580115736
0.580921888
0.581747115
0.582596242
0.583475292
0.584391773
0.585355282
0.586378157
0.587477207
0.588675082
0.590003669
0.591509223
0.593261957
0.59537369
0.598035574
0.601601481
0.606817901
0.615717649
0.636716783
0.700468302
0.760671675
0.807904482
0.84560591
0.875869632
0.900236428
0.919879556
0.935718417
0.948485553
0.958769798
0.967046618
0.973700941
0.979044497
0.983329952
0.986762106
0.989506781
0.991698265
0.993445039
0.99483496
0.995938897
0.996813953
0.997506142
0.998052597
0.998482943
0.998821199
0.99908632
0.999293685
0.999455392
0.999581277
0.99967891
0.999754488
0.999812782
0.999857664
0.999892116
0.999918461
0.999938548
0.999953866
0.999965429
0.999974191
0.999980807
0.999985754
0.99998945
0.999992251
0.999994278
0.999995828
0.99999696
0.999997795
0.999998391
0.999998808
0.999999166
0.999999404
0.999999583
0.999999702
0.999999762
0.999999821
0.999999881
0.99999994
0.99999994
0.99999994
1
1
1
1
1
1
1
1
1
1
1
1
1
1
1
1
1
1
1
1
1
1
1
1
1
1
1
1
1
1
1
1
1
1
1
1
1
1
1
1
1
1
1
1
1
1
1
1
1
1
1
1
1
1
1
1
1
1
1
1
1
1
1
1
1
1
1
1
1
1
1
1
1
1
1
1
1
1
1
1
1
1
1
1
1
1
1
1
1
1
1
1
1
1
1
1
1
1
1
1
1
1
1
1
1
1
1
1
1
1
1
1
1
1
1
1
1
1
1
1
1
1
1
1
1
1
1
1
1
1
1
1
1
1
1
1
1
1
1
1
1
1
1
1
1
1
1
1
1
1
1
1
1
1
1
1
1
1
1
1
1
1
1
1
1
1
1
1
1
1
1
1
1
1
1
1
1
1
1
1
1
1
1
1
1
1
1
1
1
1
1
1
1
1
1
1
1
1
1
1
1
1
1
1
1
1
1
1
1
1
1
1
1
1
1
1
1
1
1
1
1
1
1
1
1
1
1
1
1
1
1
1
1
1
1
1
1
1
1
1
1
1
1
1
1
1
1
1
1
1
1
1
1
1
1
1
1
1
1
1
1
1
1
1
1
1
1
1
1
1
1
1
1
1
1
1
1
1
1
1
1
1
1
1
1
1
1
1
1
1
1
1
1
1
1
1
1
1
1
1
1
1
1
1
1
1
1
1
1
1
1
1
1
1
1
1
1
1
1
1
1
1
1
1
1
1
1
1
1
1
1
1
1
1
1
1
1
1
1
1
1
1
1
1
1
1
1
1
1
1
1
1
1
1
1
1
1
1
1
1
1
1
1
1
1
1
1
1
1
1
1
1
1
1
1
1
1
1
1
1
1
1
1
1
1
1
1
1
1
1
1
1
1
1
1
1
1
1
1
1
1
1
1
1
1
1
1
1
1
1
1
1
1
1
1
1
1
1
1
1
1
1
1
1
1
1
1
1
1
1
1
1
1
1
1
1
1
1
1
1
1
1
1
1
1
1
1
1
1
1
1
1
1
1
1
1
1
1
1
1
1
1
1
1
1
1
1
1
1
1
1
1
1
1
1
1
1
1
1
1
1
1
1
1
1
1
1
1
1
1
1
1
1
1
1
1
1
1
1
1
1
1
1
1
1
1
1
1
1
1
1
1
1
1
1
1
1
1
1
1
1
1
1
1
1
1
1
1
1
1
1
1
1
1
1
1
1
1
1
1
1
1
1
1
1
1
1
1
1
1
1
1
1
1
1
1
1
1
1
1
1
1
1
1
1
1
1
1
1
1
1
1
1
1
1
1
1
1
1
1
1
1
1
1
1
1
1
1
1
1
1
1
1
1
1
1
1
1
1
1
1
1
1
1
1
1
1
1
1
1
1
1
1
1
1
1
1
1
1
1
1
1
1
1
1
1
1
1
1
1
1
1
1
1
1
1
1
1
1
1
1
1
1
1
1
1
1
1
1
1
1
1
1
1
1
1
1
1
1
1
1
1
1
1
1
1
1
1
1
1
1
1
1
1
1
1
1
1
1
1
1
1
1
1
1
1
1
1
1
1
1
1
1
1
1
1
1
1
1
1
1
1
1
1
1
1
1
1
1
1
1
1
1
1
1
1
1
1
1
1
1
1
1
1
1
1
1
1
1
1
1
