1
1
1
1
1
1
1
1
1
1
1
1
1
1
1
1
1
1
1
1
1
1
1
1
1
1
1
1
1
1
1
1
1
1
1
1
1
1
1
1
1
1
1
1
1
1
1
1
1
1
1
1
1
1
1
1
1
1
1
1
1
1
1
1
1
1
1
1
1
1
1
1
1
1
1
1
1
1
1
1
1
1
1
1
1
1
1
1
1
1
1
1
1
1
1
1
1
1
1
1
1
1
1
1
1
1
1
1
1
1
1
1
1
1
1
1
1
1
1
1
1
1
1
1
1
1
1
1
1
1
1
1
1
1
1
1
1
1
1
1
1
1
1
1
1
1
1
1
0.99999994
0.99999994
0.999999881
0.999999702
0.999999404
0.999998808
0.999997497
0.999994874
0.99998945
0.999978304
0.999955475
0.999908745
0.999812961
0.999616861
0.999215424
0.998394012
0.99671495
0.993288338
0.986316204
0.972220302
0.944080591
0.889424145
0.789378881
0.635716021
0.531205654
0.498686492
0.483296812
0.474199921
0.468071103
0.463574559
0.460071236
0.457217276
0.454811394
0.452728093
0.450885117
0.44922623
0.447711766
0.446312875
0.445008188
0.443781346
0.442619741
0.441513419
0.440454453
0.439436346
0.438453794
0.437502414
0.436578482
0.43567881
0.434800684
0.433941692
0.433099717
0.432272911
0.431459546
0.430658013
0.42986688
0.429084718
0.428310245
0.427542061
0.426778883
0.426019371
0.425262153
0.42450577
0.423748612
0.422989011
0.422225088
0.421454668
0.420675337
0.419884264
0.419078112
0.418252885
0.417403728
0.416524678
0.415608197
0.414644748
0.413621813
0.412522763
0.411324918
0.409996361
0.408490777
0.406738043
0.40462631
0.401964426
0.398398548
0.393182099
0.384282351
0.363283217
0.299531698
0.239328355
0.192095533
0.15439409
0.124130398
0.099763587
0.080120444
0.064281605
0.051514477
0.041230224
0.032953363
0.026299054
0.020955509
0.016670037
0.013237886
0.01049321
0.00830176
0.006554947
0.005165011
0.004061094
0.003186045
0.002493829
0.001947408
0.001517028
0.001178824
0.000913685
0.000706335
0.000544587
0.00041874
0.000321085
0.000245513
0.000187193
0.000142313
0.000107876
8.15E-05
6.14E-05
4.61E-05
3.46E-05
2.58E-05
1.92E-05
1.42E-05
1.05E-05
7.77E-06
5.71E-06
4.18E-06
3.05E-06
2.22E-06
1.61E-06
1.17E-06
8.41E-07
6.04E-07
4.32E-07
3.09E-07
2.19E-07
1.56E-07
1.10E-07
7.74E-08
5.44E-08
3.80E-08
2.65E-08
1.84E-08
1.28E-08
8.81E-09
6.06E-09
4.16E-09
2.84E-09
1.94E-09
1.31E-09
8.90E-10
6.00E-10
4.04E-10
2.70E-10
1.81E-10
1.20E-10
7.97E-11
5.27E-11
3.48E-11
2.28E-11
1.50E-11
9.76E-12
6.35E-12
4.12E-12
2.66E-12
1.71E-12
1.10E-12
7.04E-13
4.49E-13
2.86E-13
1.81E-13
1.14E-13
7.21E-14
4.52E-14
2.83E-14
1.77E-14
1.10E-14
6.81E-15
4.21E-15
2.59E-15
1.59E-15
9.73E-16
5.94E-16
3.61E-16
2.19E-16
1.32E-16
7.97E-17
4.79E-17
2.87E-17
1.71E-17
1.02E-17
6.04E-18
3.57E-18
2.11E-18
1.24E-18
7.26E-19
4.24E-19
2.47E-19
1.43E-19
8.30E-20
4.79E-20
2.76E-20
1.58E-20
9.04E-21
5.16E-21
2.93E-21
1.66E-21
9.39E-22
5.29E-22
2.97E-22
1.66E-22
9.30E-23
5.18E-23
2.87E-23
1.59E-23
8.78E-24
4.83E-24
2.65E-24
1.45E-24
7.91E-25
4.30E-25
2.33E-25
1.26E-25
6.81E-26
3.66E-26
1.96E-26
1.05E-26
5.59E-27
2.97E-27
1.58E-27
8.33E-28
4.39E-28
2.31E-28
1.21E-28
6.32E-29
3.30E-29
1.71E-29
8.88E-30
4.59E-30
2.37E-30
1.22E-30
6.23E-31
3.19E-31
1.62E-31
8.25E-32
4.18E-32
2.12E-32
1.07E-32
5.36E-33
2.69E-33
1.34E-33
6.70E-34
3.33E-34
1.65E-34
8.18E-35
4.04E-35
1.99E-35
9.75E-36
4.77E-36
2.33E-36
1.13E-36
5.50E-37
2.67E-37
1.29E-37
6.20E-38
2.98E-38
1.43E-38
0
0
0
0
0
0
0
0
0
0
0
0
0
0
0
0
0
0
0
0
0
0
0
0
0
0
0
0
0
0
0
0
0
0
0
0
0
0
0
0
0
0
0
0
0
0
0
0
0
0
0
0
0
0
0
0
0
0
0
0
0
0
0
0
0
0
0
0
0
0
0
0
0
0
0
0
0
0
0
0
0
0
0
0
0
0
0
0
0
0
0
0
0
0
0
0
0
0
0
0
0
0
0
0
0
0
0
0
0
0
0
0
0
0
0
0
0
0
0
0
0
0
0
0
0
0
0
0
0
0
0
0
0
0
0
0
0
0
0
0
0
0
0
0
0
0
0
0
0
0
0
0
0
0
0
0
0
0
0
0
0
0
0
0
0
0
0
0
0
0
0
0
0
0
0
0
0
0
0
0
0
0
0
0
0
0
0
0
0
0
0
0
0
0
0
0
0
0
0
0
0
0
0
0
0
0
0
0
0
0
0
0
0
0
0
0
0
0
0
0
0
0
0
0
0
0
0
0
0
0
0
0
0
0
0
0
0
0
0
0
0
0
0
0
0
0
0
0
0
0
0
0
0
0
0
0
0
0
0
0
0
0
0
0
0
0
0
0
0
0
0
0
0
0
0
0
0
0
0
0
0
0
0
0
0
0
0
0
0
0
0
0
0
0
0
0
0
0
0
0
0
0
0
0
0
0
0
0
0
0
0
0
0
0
0
0
0
0
0
0
0
0
0
0
0
0
0
0
0
0
0
0
0
0
0
0
0
0
0
0
0
0
0
0
0
0
0
0
0
0
0
0
0
0
0
0
0
0
0
0
0
0
0
0
0
0
0
0
0
0
0
0
0
0
0
0
0
0
0
0
0
0
0
0
0
0
0
0
0
0
0
0
0
0
0
0
0
0
0
0
0
0
0
0
0
0
0
0
0
0
0
0
0
0
0
0
0
0
0
0
0
0
0
0
0
0
0
0
0
0
0
0
0
0
0
0
0
0
0
0
0
0
0
0
0
0
0
0
0
0
0
0
0
0
0
0
0
0
0
0
0
0
0
0
0
0
0
0
0
0
0
0
0
0
0
0
0
0
0
0
0
0
0
0
0
0
0
0
0
0
0
0
0
0
0
0
0
0
0
0
0
0
0
0
0
0
0
0
0
0
0
0
0
0
0
0
0
0
0
0
0
0
0
0
0
0
0
0
0
0
0
0
0
0
0
0
0
0
0
0
0
0
0
0
0
0
0
0
0
0
0
0
0
0
0
0
0
0
0
0
0
0
0
0
0
0
0
0
0
0
0
0
0
0
0
0
0
0
0
0
0
0
0
0
0
0
0
0
0
0
0
0
0
0
0
0
0
0
0
0
0
0
0
0
0
