1.0
0.7511879679647677
0.7511879679647677
0.747545351540059
0.7439030156838308
0.7402611070982865
0.7366197714129031
0.7329791531788215
0.729339395863442
0.7257006418452246
0.7220630324087028
0.718426707739694
0.7147918069207212
0.7111584679266301
0.7075268276204097
0.7038970217492126
0.700269184940569
0.6966434506987995
0.6930199514016219
0.6893988182969472
0.6857801814998699
0.6821641699898443
0.6785509116080516
0.6749405330549483
0.6713331598880021
0.6677289165196064
0.6641279262151767
0.6605303110914278
0.6569361921148213
0.653345689100193
0.6497589207095533
0.6461760044510529
0.6425970566781225
0.6390221925887793
0.6354515262250975
0.6318851704728398
0.6283232370612543
0.6247658365630271
0.621213078394397
0.6176650708154183
0.6141219209303825
0.6105837346883917
0.6070506168840759
0.6035226711584655
0.6000000000000002
0.5964827047456883
0.5929708855824057
0.5894646415483314
0.5859640705345228
0.5824692692866256
0.5789803334067155
0.5754973573552741
0.5720204344532914
0.5685496568844951
0.5650851156977073
0.5616269008093219
0.558175101005903
0.554729803946904
0.5512910961675037
0.5478590630815544
0.5444337889846449
0.5410153570572748
0.5376038493681373
0.5341993468775066
0.5308019294407365
0.5274116758118503
0.5240286636472463
0.5206529695094902
0.5172846688712094
0.5139238361190831
0.5105705445579217
0.507224866414843
0.5038868728435307
0.5005566339285864
0.4972342186899611
0.4939196950874757
0.49061313002541973
0.48731458935722927
0.4840241378902448
0.4807418393905419
0.47746775658784096
0.474201951180484
0.4709444838404835
0.4676954142186418
0.46445480094973424
0.46122270165775864
0.45799917296124965
0.45478427047865155
0.45157804883375247
0.44838056166117646
0.4451918616119319
0.44201200035901317
0.4388410286030582
0.43567899607805405
0.43252595155709345
0.4293819428581793
0.42624701685007715
0.42312121945820635
0.4200045956705843
0.41689718954380056
0.413799044209042
0.41071020187814833
0.40763070384971023
0.40456059051519544
0.40149990136511815
0.3984486749952352
0.39540694911277274
0.39237476054268505
0.3893521452339397
0.386339138265831
0.3833357738543175
0.38034208535838343
0.37735810528642455
0.37438386530265033
0.3714193962335133
0.36846472807415154
0.36551988999484997
0.3625849103475183
0.35965981667218405
0.35674463570349735
0.3538393933772488
0.35094411483690147
0.3480588244401277
0.34518354576535804
0.3423183016183393
0.33946311403869234
0.33661800430648525
0.33378299294880054
0.33095809974631485
0.3281433437398733
0.32533874323707
0.3225443158188259
0.31976007834596687
0.31698604696579924
0.3142222371186838
0.31146866354460423
0.30872534028973253
0.3059922807129851
0.3032694974925778
0.30055700263256946
0.2978548074693965
0.2951629226784025
0.29248135828035093
0.2898101236479367
0.28714922751227423
0.28449867796938144
0.2818584824866497
0.279228647909294
0.27660918046679517
0.2740000857793212
0.27140136886413635
0.2688130341419894
0.2662350854434892
0.26366752601545373
0.26111035852724984
0.25856358507710686
0.25602720719840977
0.25350122586597656
0.25098564150230906
0.2484804539838219
0.24598566264705313
0.2435012662948468
0.2410272632025121
0.23856365112396372
0.23611042729782872
0.23366758845353686
0.2312351308173759
0.2288130501185297
0.22640134159508252
0.22399999999999975
0.22160901960708124
0.21922839421688045
0.2168581171626076
0.21449818131598808
0.21214857909310436
0.20980930246020235
0.20748034293946915
0.20516169161477626
0.202853339137401
0.20055527573170862
0.1982674912008069
0.19598997493216475
0.19372271590320755
0.19146570268687024
0.189218923457122
0.18698236599446272
0.18475601769137562
0.18253986555775858
0.18033389622631146
0.17813809595789576
0.17595245064686105
0.1737769458263303
0.171611566673459
0.16945629801465278
0.16731112433075546
0.16517602976219958
0.16305099811412038
0.1609360128614401
0.15883105715390822
0.15673611382111519
0.15465116537746226
0.15257619402710332
0.15051118166884536
0.1484561099010131
0.14641096002628218
0.14437571305647
0.1423503497172942
0.14033485045309457
0.13832919543151823
0.13633336454816636
0.13434733743120786
0.132371093445953
0.13040461169939355
0.12844787104470545
0.12650085008571232
0.12456352718131769
0.12263588044989371
0.12071788777364012
0.11880952680290169
0.11691077496045033
0.1150216094457337
0.11314200723908074
0.11127194510587834
0.10941139960070556
0.10756034707143214
0.10571876366328592
0.10388662532287718
0.10206390780218966
0.10025058666253539
0.09844663727847336
0.09665203484169105
0.09486675436485248
0.09309077068540583
0.09132405846935887
0.08956659221501884
0.08781834625669416
0.08607929476836018
0.08434941176729494
0.0826286711176718
0.08091704653412224
0.0792145115852616
0.0775210396971795
0.07583660415689786
0.07416117811578782
0.07249473459296119
0.07083724647861822
0.06918868653736765
0.0675490274115087
0.0659182416242794
0.06429630158307464
0.0626831795826237
0.06107884780813899
0.05948327833843159
0.05789644314898856
0.056318314115021195
0.05474886301448256
0.05318806153104272
0.051635881257042104
0.05009229369640322
0.04855727026751766
0.047030782306094254
0.04551280106797817
0.044003297731941116
0.04250224340243203
0.041009609112302225
0.03952536582550015
0.03804948443972722
0.03658193578907265
0.03512269064661
0.033671719726965144
0.032228993688855345
0.030794483137595252
0.029368158627575802
0.027949990664710045
0.02653994970885387
0.025138006176187666
0.023744130441583744
0.02235829284092894
0.020980463673427208
0.019610613203872918
0.018248711664891948
0.016894729259157915
0.015548636161577756
0.014210402521451115
0.012879998464599973
0.011557394095473184
0.010242559499220816
0.008935464743744514
0.007636079881715441
0.006344374952575116
0.005060319984496298
0.003783884996328979
0.002515039999517521
0.001253754999984702
0.0
