1.0
0.7788316851858714
0.7788316851858714
0.7750550204767331
0.7712786466609961
0.7675027158395035
0.7637273790008979
0.7599527860158022
0.7561790856312166
0.7524064254651295
0.748634952001343
0.7448648105845147
0.7410961454154041
0.7373290995463302
0.733563814876841
0.7298004321495836
0.7260390909463816
0.7222799296845154
0.7185230856132018
0.714768694810275
0.7110168921790647
0.7072678114454705
0.7035215851552279
0.6997783446713709
0.6960382201718808
0.6923013406475278
0.6885678338998957
0.6848378265395927
0.681111443984647
0.6773888104590804
0.6736700489916653
0.6699552814148516
0.6662446283638772
0.6625382092760467
0.6588361423901812
0.6551385447462403
0.6514455321851084
0.6477572193485472
0.6440737196793109
0.6403951454214258
0.636721607620621
0.6330532161249244
0.6293900795854099
0.6257323054570972
0.6220799999999996
0.6184332682803296
0.6147922141718387
0.6111569403573103
0.6075275483301938
0.6039041383963736
0.6002868096760825
0.5966756601059486
0.5930707864411726
0.5894722842578449
0.5858802479553832
0.582294770759105
0.5787159447229199
0.57514386073215
0.5715786085064676
0.5680202766029555
0.56446895241928
0.5609247221969826
0.5573876710248845
0.5538578828425996
0.5503354404441552
0.5468204254817263
0.5433129184694651
0.5398129987874395
0.5363207446856703
0.5328362332882648
0.5293595405976531
0.5258907414989094
0.5224299097641728
0.5189771180571581
0.5155324379377514
0.5120959398666948
0.5086676932103552
0.5052477662455755
0.5018362261646059
0.4984331390801135
0.4950385700302734
0.49165258298392583
0.48827524084581336
0.4849066054618882
0.4815467376246843
0.47819569707876397
0.47485354252622375
0.47152033163226625
0.46819612103083436
0.46488096633030757
0.46157492211925066
0.45827804197222427
0.45499037845565027
0.4517119831337263
0.4484429065743944
0.44518319835536063
0.4419329070701604
0.43869208033426865
0.43546076479126167
0.43223900611901206
0.42902684903593463
0.4258243373072646
0.42263151375137914
0.4194484202461544
0.41627509773535476
0.41311158623506006
0.4099579248401228
0.40681415173065577
0.40368030417854817
0.40055641855401325
0.3974425303321564
0.39433867409957213
0.3912448835609647
0.38816119154578743
0.3850876300149064
0.38202423006728004
0.3789710219466602
0.37592803504830696
0.3728952979257204
0.3698728382973861
0.36686068305353153
0.3638588582628993
0.36086738917952405
0.3578863002495234
0.3549156151178937
0.35195535663531624
0.3490055468649639
0.3460662070893166
0.3431373578169794
0.3402190187895009
0.33731120898819483
0.334413946640959
0.33152724922909843
0.3286511334941405
0.3257856154446514
0.322930710363046
0.32008643281239463
0.31725279664322287
0.31442981500030476
0.311617500329448
0.3088158643842703
0.3060249182329675
0.30324467226506824
0.30047513619818056
0.297716319084726
0.2949682293186551
0.29223087464215874
0.289504262152356
0.28678839830797304
0.2840832889359998
0.28138893923833624
0.27870535379841493
0.2760325365878096
0.27337049097282284
0.27071921972105273
0.26807872500794455
0.2654490084233112
0.2628300709778451
0.26022191310959397
0.2576245346904268
0.25503793503246514
0.25246211289449677
0.24989706648836463
0.24734279348532542
0.2447992910223898
0.24226655570862735
0.2397445836314553
0.23723337036289158
0.23473291096578133
0.23224320000000018
0.22976423152862108
0.2272959991240618
0.22483849587419155
0.22239171438841646
0.21995564680373075
0.2175302847907384
0.2151156195596414
0.21271164186619954
0.21031834201765734
0.2079357098786359
0.2055637348769964
0.20320240600966868
0.2008517118484459
0.19851164054574702
0.19618217984034458
0.19386331706305912
0.19155503914241842
0.18925733261028418
0.1869701836074396
0.1846935778891464
0.1824275008306659
0.18017193743273918
0.17792687232704227
0.17569228978159224
0.17346817370612763
0.1712545076574478
0.16905127484472016
0.16685845813474123
0.16467604005717248
0.16250400280973187
0.16034232826335254
0.15819099796730104
0.1560499931542593
0.15391929474537103
0.1517988833552497
0.14968873929694798
0.1475888425868904
0.14549917294976894
0.143419709823398
0.1413504323635392
0.1392913194486762
0.1372423496847643
0.13520350140993112
0.1331747526991504
0.13115608136886667
0.12914746498159
0.12714888085045004
0.12516030604370987
0.12318171738924837
0.1212130914789949
0.11925440467333676
0.11730563310547944
0.11536675268577475
0.11343773910601121
0.11151856784366071
0.10960921416609493
0.10770965313475908
0.10581985960930998
0.10393980825171657
0.10206947353032109
0.10020882972386527
0.09835785092547907
0.09651651104662867
0.09468478382103147
0.09286264280853175
0.09105006139893983
0.0892470128158361
0.08745347012033153
0.08566940621480247
0.08389479384657744
0.08212960561159909
0.08037381395803547
0.0786273911898715
0.07689030947044832
0.07516254082598176
0.07344405714903135
0.07173483020194266
0.07003483162025192
0.06834403291605305
0.06666240548133198
0.0649899205912648
0.06332654940747873
0.06167226298128579
0.060027032256871025
0.058390828074454205
0.056763621173415775
0.05514538219538555
0.05353608168730122
0.051935690104431005
0.050344177813362506
0.04876151509495889
0.04718767214728014
0.04562261908847672
0.04406632595964141
0.042518762727635176
0.04097989928787826
0.03944970546710904
0.03792815102611061
0.03641520566240565
0.03491083901291755
0.03341502065660522
0.03192772011705867
0.030448906865070333
0.02897855032117178
0.027516619858139177
0.02606308480347172
0.02461791444183434
0.02318107801747472
0.021752544736609442
0.020332283769775094
0.01892026425415977
0.01751645529589458
0.016120825972324018
0.014733345334240774
0.01335398240809725
0.011982706198186423
0.010619485688792488
0.009264289846314312
0.007917087621363145
0.00657784795082965
0.0052465397599255024
0.003923131964194316
0.0026075934714998522
0.0012998931839845707
0.0
